m horizon +1200000
a contact +0 +430 2 1 20
a contact +0 +430 1 2 20
a contact +0 +430 2 5 20
a contact +0 +430 5 2 20
a contact +5736 +6166 2 1 20
a contact +5736 +6166 1 2 20
a contact +5736 +6166 2 5 20
a contact +5736 +6166 5 2 20
a contact +11472 +11902 2 1 20
a contact +11472 +11902 1 2 20
a contact +11472 +11902 2 5 20
a contact +11472 +11902 5 2 20
a contact +17208 +17638 2 1 20
a contact +17208 +17638 1 2 20
a contact +17208 +17638 2 5 20
a contact +17208 +17638 5 2 20
a contact +22944 +23374 2 1 20
a contact +22944 +23374 1 2 20
a contact +22944 +23374 2 5 20
a contact +22944 +23374 5 2 20
a contact +28680 +29110 2 1 20
a contact +28680 +29110 1 2 20
a contact +28680 +29110 2 5 20
a contact +28680 +29110 5 2 20
a contact +34416 +34846 2 1 20
a contact +34416 +34846 1 2 20
a contact +34416 +34846 2 5 20
a contact +34416 +34846 5 2 20
a contact +40152 +40582 2 1 20
a contact +40152 +40582 1 2 20
a contact +40152 +40582 2 5 20
a contact +40152 +40582 5 2 20
a contact +45888 +46318 2 1 20
a contact +45888 +46318 1 2 20
a contact +45888 +46318 2 5 20
a contact +45888 +46318 5 2 20
a contact +51624 +52054 2 1 20
a contact +51624 +52054 1 2 20
a contact +51624 +52054 2 5 20
a contact +51624 +52054 5 2 20
a contact +57360 +57790 2 1 20
a contact +57360 +57790 1 2 20
a contact +57360 +57790 2 5 20
a contact +57360 +57790 5 2 20
a contact +63096 +63526 2 1 20
a contact +63096 +63526 1 2 20
a contact +63096 +63526 2 5 20
a contact +63096 +63526 5 2 20
a contact +68832 +69262 2 1 20
a contact +68832 +69262 1 2 20
a contact +68832 +69262 2 5 20
a contact +68832 +69262 5 2 20
a contact +74568 +74998 2 1 20
a contact +74568 +74998 1 2 20
a contact +74568 +74998 2 5 20
a contact +74568 +74998 5 2 20
a contact +80304 +80734 2 1 20
a contact +80304 +80734 1 2 20
a contact +80304 +80734 2 5 20
a contact +80304 +80734 5 2 20
a contact +86040 +86470 2 1 20
a contact +86040 +86470 1 2 20
a contact +86040 +86470 2 5 20
a contact +86040 +86470 5 2 20
a contact +91776 +92206 2 1 20
a contact +91776 +92206 1 2 20
a contact +91776 +92206 2 5 20
a contact +91776 +92206 5 2 20
a contact +97512 +97942 2 1 20
a contact +97512 +97942 1 2 20
a contact +97512 +97942 2 5 20
a contact +97512 +97942 5 2 20
a contact +103248 +103678 2 1 20
a contact +103248 +103678 1 2 20
a contact +103248 +103678 2 5 20
a contact +103248 +103678 5 2 20
a contact +108984 +109414 2 1 20
a contact +108984 +109414 1 2 20
a contact +108984 +109414 2 5 20
a contact +108984 +109414 5 2 20
a contact +114720 +115150 2 1 20
a contact +114720 +115150 1 2 20
a contact +114720 +115150 2 5 20
a contact +114720 +115150 5 2 20
a contact +120456 +120886 2 1 20
a contact +120456 +120886 1 2 20
a contact +120456 +120886 2 5 20
a contact +120456 +120886 5 2 20
a contact +126192 +126622 2 1 20
a contact +126192 +126622 1 2 20
a contact +126192 +126622 2 5 20
a contact +126192 +126622 5 2 20
a contact +131928 +132358 2 1 20
a contact +131928 +132358 1 2 20
a contact +131928 +132358 2 5 20
a contact +131928 +132358 5 2 20
a contact +137664 +138094 2 1 20
a contact +137664 +138094 1 2 20
a contact +137664 +138094 2 5 20
a contact +137664 +138094 5 2 20
a contact +143400 +143830 2 1 20
a contact +143400 +143830 1 2 20
a contact +143400 +143830 2 5 20
a contact +143400 +143830 5 2 20
a contact +149136 +149566 2 1 20
a contact +149136 +149566 1 2 20
a contact +149136 +149566 2 5 20
a contact +149136 +149566 5 2 20
a contact +154872 +155302 2 1 20
a contact +154872 +155302 1 2 20
a contact +154872 +155302 2 5 20
a contact +154872 +155302 5 2 20
a contact +160608 +161038 2 1 20
a contact +160608 +161038 1 2 20
a contact +160608 +161038 2 5 20
a contact +160608 +161038 5 2 20
a contact +166344 +166774 2 1 20
a contact +166344 +166774 1 2 20
a contact +166344 +166774 2 5 20
a contact +166344 +166774 5 2 20
a contact +172080 +172510 2 1 20
a contact +172080 +172510 1 2 20
a contact +172080 +172510 2 5 20
a contact +172080 +172510 5 2 20
a contact +177816 +178246 2 1 20
a contact +177816 +178246 1 2 20
a contact +177816 +178246 2 5 20
a contact +177816 +178246 5 2 20
a contact +183552 +183982 2 1 20
a contact +183552 +183982 1 2 20
a contact +183552 +183982 2 5 20
a contact +183552 +183982 5 2 20
a contact +189288 +189718 2 1 20
a contact +189288 +189718 1 2 20
a contact +189288 +189718 2 5 20
a contact +189288 +189718 5 2 20
a contact +195024 +195454 2 1 20
a contact +195024 +195454 1 2 20
a contact +195024 +195454 2 5 20
a contact +195024 +195454 5 2 20
a contact +200760 +201190 2 1 20
a contact +200760 +201190 1 2 20
a contact +200760 +201190 2 5 20
a contact +200760 +201190 5 2 20
a contact +206496 +206926 2 1 20
a contact +206496 +206926 1 2 20
a contact +206496 +206926 2 5 20
a contact +206496 +206926 5 2 20
a contact +212232 +212662 2 1 20
a contact +212232 +212662 1 2 20
a contact +212232 +212662 2 5 20
a contact +212232 +212662 5 2 20
a contact +217968 +218398 2 1 20
a contact +217968 +218398 1 2 20
a contact +217968 +218398 2 5 20
a contact +217968 +218398 5 2 20
a contact +223704 +224134 2 1 20
a contact +223704 +224134 1 2 20
a contact +223704 +224134 2 5 20
a contact +223704 +224134 5 2 20
a contact +229440 +229870 2 1 20
a contact +229440 +229870 1 2 20
a contact +229440 +229870 2 5 20
a contact +229440 +229870 5 2 20
a contact +235176 +235606 2 1 20
a contact +235176 +235606 1 2 20
a contact +235176 +235606 2 5 20
a contact +235176 +235606 5 2 20
a contact +240912 +241342 2 1 20
a contact +240912 +241342 1 2 20
a contact +240912 +241342 2 5 20
a contact +240912 +241342 5 2 20
a contact +246648 +247078 2 1 20
a contact +246648 +247078 1 2 20
a contact +246648 +247078 2 5 20
a contact +246648 +247078 5 2 20
a contact +252384 +252814 2 1 20
a contact +252384 +252814 1 2 20
a contact +252384 +252814 2 5 20
a contact +252384 +252814 5 2 20
a contact +258120 +258550 2 1 20
a contact +258120 +258550 1 2 20
a contact +258120 +258550 2 5 20
a contact +258120 +258550 5 2 20
a contact +263856 +264286 2 1 20
a contact +263856 +264286 1 2 20
a contact +263856 +264286 2 5 20
a contact +263856 +264286 5 2 20
a contact +269592 +270022 2 1 20
a contact +269592 +270022 1 2 20
a contact +269592 +270022 2 5 20
a contact +269592 +270022 5 2 20
a contact +275328 +275758 2 1 20
a contact +275328 +275758 1 2 20
a contact +275328 +275758 2 5 20
a contact +275328 +275758 5 2 20
a contact +281064 +281494 2 1 20
a contact +281064 +281494 1 2 20
a contact +281064 +281494 2 5 20
a contact +281064 +281494 5 2 20
a contact +286800 +287230 2 1 20
a contact +286800 +287230 1 2 20
a contact +286800 +287230 2 5 20
a contact +286800 +287230 5 2 20
a contact +292536 +292966 2 1 20
a contact +292536 +292966 1 2 20
a contact +292536 +292966 2 5 20
a contact +292536 +292966 5 2 20
a contact +298272 +298702 2 1 20
a contact +298272 +298702 1 2 20
a contact +298272 +298702 2 5 20
a contact +298272 +298702 5 2 20
a contact +304008 +304438 2 1 20
a contact +304008 +304438 1 2 20
a contact +304008 +304438 2 5 20
a contact +304008 +304438 5 2 20
a contact +309744 +310174 2 1 20
a contact +309744 +310174 1 2 20
a contact +309744 +310174 2 5 20
a contact +309744 +310174 5 2 20
a contact +315480 +315910 2 1 20
a contact +315480 +315910 1 2 20
a contact +315480 +315910 2 5 20
a contact +315480 +315910 5 2 20
a contact +321216 +321646 2 1 20
a contact +321216 +321646 1 2 20
a contact +321216 +321646 2 5 20
a contact +321216 +321646 5 2 20
a contact +326952 +327382 2 1 20
a contact +326952 +327382 1 2 20
a contact +326952 +327382 2 5 20
a contact +326952 +327382 5 2 20
a contact +332688 +333118 2 1 20
a contact +332688 +333118 1 2 20
a contact +332688 +333118 2 5 20
a contact +332688 +333118 5 2 20
a contact +338424 +338854 2 1 20
a contact +338424 +338854 1 2 20
a contact +338424 +338854 2 5 20
a contact +338424 +338854 5 2 20
a contact +344160 +344590 2 1 20
a contact +344160 +344590 1 2 20
a contact +344160 +344590 2 5 20
a contact +344160 +344590 5 2 20
a contact +349896 +350326 2 1 20
a contact +349896 +350326 1 2 20
a contact +349896 +350326 2 5 20
a contact +349896 +350326 5 2 20
a contact +355632 +356062 2 1 20
a contact +355632 +356062 1 2 20
a contact +355632 +356062 2 5 20
a contact +355632 +356062 5 2 20
a contact +361368 +361798 2 1 20
a contact +361368 +361798 1 2 20
a contact +361368 +361798 2 5 20
a contact +361368 +361798 5 2 20
a contact +367104 +367534 2 1 20
a contact +367104 +367534 1 2 20
a contact +367104 +367534 2 5 20
a contact +367104 +367534 5 2 20
a contact +372840 +373270 2 1 20
a contact +372840 +373270 1 2 20
a contact +372840 +373270 2 5 20
a contact +372840 +373270 5 2 20
a contact +378576 +379006 2 1 20
a contact +378576 +379006 1 2 20
a contact +378576 +379006 2 5 20
a contact +378576 +379006 5 2 20
a contact +384312 +384742 2 1 20
a contact +384312 +384742 1 2 20
a contact +384312 +384742 2 5 20
a contact +384312 +384742 5 2 20
a contact +390048 +390478 2 1 20
a contact +390048 +390478 1 2 20
a contact +390048 +390478 2 5 20
a contact +390048 +390478 5 2 20
a contact +395784 +396214 2 1 20
a contact +395784 +396214 1 2 20
a contact +395784 +396214 2 5 20
a contact +395784 +396214 5 2 20
a contact +401520 +401950 2 1 20
a contact +401520 +401950 1 2 20
a contact +401520 +401950 2 5 20
a contact +401520 +401950 5 2 20
a contact +407256 +407686 2 1 20
a contact +407256 +407686 1 2 20
a contact +407256 +407686 2 5 20
a contact +407256 +407686 5 2 20
a contact +412992 +413422 2 1 20
a contact +412992 +413422 1 2 20
a contact +412992 +413422 2 5 20
a contact +412992 +413422 5 2 20
a contact +418728 +419158 2 1 20
a contact +418728 +419158 1 2 20
a contact +418728 +419158 2 5 20
a contact +418728 +419158 5 2 20
a contact +424464 +424894 2 1 20
a contact +424464 +424894 1 2 20
a contact +424464 +424894 2 5 20
a contact +424464 +424894 5 2 20
a contact +430200 +430630 2 1 20
a contact +430200 +430630 1 2 20
a contact +430200 +430630 2 5 20
a contact +430200 +430630 5 2 20
a contact +435936 +436366 2 1 20
a contact +435936 +436366 1 2 20
a contact +435936 +436366 2 5 20
a contact +435936 +436366 5 2 20
a contact +441672 +442102 2 1 20
a contact +441672 +442102 1 2 20
a contact +441672 +442102 2 5 20
a contact +441672 +442102 5 2 20
a contact +447408 +447838 2 1 20
a contact +447408 +447838 1 2 20
a contact +447408 +447838 2 5 20
a contact +447408 +447838 5 2 20
a contact +453144 +453574 2 1 20
a contact +453144 +453574 1 2 20
a contact +453144 +453574 2 5 20
a contact +453144 +453574 5 2 20
a contact +458880 +459310 2 1 20
a contact +458880 +459310 1 2 20
a contact +458880 +459310 2 5 20
a contact +458880 +459310 5 2 20
a contact +464616 +465046 2 1 20
a contact +464616 +465046 1 2 20
a contact +464616 +465046 2 5 20
a contact +464616 +465046 5 2 20
a contact +470352 +470782 2 1 20
a contact +470352 +470782 1 2 20
a contact +470352 +470782 2 5 20
a contact +470352 +470782 5 2 20
a contact +476088 +476518 2 1 20
a contact +476088 +476518 1 2 20
a contact +476088 +476518 2 5 20
a contact +476088 +476518 5 2 20
a contact +481824 +482254 2 1 20
a contact +481824 +482254 1 2 20
a contact +481824 +482254 2 5 20
a contact +481824 +482254 5 2 20
a contact +487560 +487990 2 1 20
a contact +487560 +487990 1 2 20
a contact +487560 +487990 2 5 20
a contact +487560 +487990 5 2 20
a contact +493296 +493726 2 1 20
a contact +493296 +493726 1 2 20
a contact +493296 +493726 2 5 20
a contact +493296 +493726 5 2 20
a contact +499032 +499462 2 1 20
a contact +499032 +499462 1 2 20
a contact +499032 +499462 2 5 20
a contact +499032 +499462 5 2 20
a contact +504768 +505198 2 1 20
a contact +504768 +505198 1 2 20
a contact +504768 +505198 2 5 20
a contact +504768 +505198 5 2 20
a contact +510504 +510934 2 1 20
a contact +510504 +510934 1 2 20
a contact +510504 +510934 2 5 20
a contact +510504 +510934 5 2 20
a contact +516240 +516670 2 1 20
a contact +516240 +516670 1 2 20
a contact +516240 +516670 2 5 20
a contact +516240 +516670 5 2 20
a contact +521976 +522406 2 1 20
a contact +521976 +522406 1 2 20
a contact +521976 +522406 2 5 20
a contact +521976 +522406 5 2 20
a contact +527712 +528142 2 1 20
a contact +527712 +528142 1 2 20
a contact +527712 +528142 2 5 20
a contact +527712 +528142 5 2 20
a contact +533448 +533878 2 1 20
a contact +533448 +533878 1 2 20
a contact +533448 +533878 2 5 20
a contact +533448 +533878 5 2 20
a contact +539184 +539614 2 1 20
a contact +539184 +539614 1 2 20
a contact +539184 +539614 2 5 20
a contact +539184 +539614 5 2 20
a contact +544920 +545350 2 1 20
a contact +544920 +545350 1 2 20
a contact +544920 +545350 2 5 20
a contact +544920 +545350 5 2 20
a contact +550656 +551086 2 1 20
a contact +550656 +551086 1 2 20
a contact +550656 +551086 2 5 20
a contact +550656 +551086 5 2 20
a contact +556392 +556822 2 1 20
a contact +556392 +556822 1 2 20
a contact +556392 +556822 2 5 20
a contact +556392 +556822 5 2 20
a contact +562128 +562558 2 1 20
a contact +562128 +562558 1 2 20
a contact +562128 +562558 2 5 20
a contact +562128 +562558 5 2 20
a contact +567864 +568294 2 1 20
a contact +567864 +568294 1 2 20
a contact +567864 +568294 2 5 20
a contact +567864 +568294 5 2 20
a contact +573600 +574030 2 1 20
a contact +573600 +574030 1 2 20
a contact +573600 +574030 2 5 20
a contact +573600 +574030 5 2 20
a contact +579336 +579766 2 1 20
a contact +579336 +579766 1 2 20
a contact +579336 +579766 2 5 20
a contact +579336 +579766 5 2 20
a contact +585072 +585502 2 1 20
a contact +585072 +585502 1 2 20
a contact +585072 +585502 2 5 20
a contact +585072 +585502 5 2 20
a contact +590808 +591238 2 1 20
a contact +590808 +591238 1 2 20
a contact +590808 +591238 2 5 20
a contact +590808 +591238 5 2 20
a contact +596544 +596974 2 1 20
a contact +596544 +596974 1 2 20
a contact +596544 +596974 2 5 20
a contact +596544 +596974 5 2 20
a contact +602280 +602710 2 1 20
a contact +602280 +602710 1 2 20
a contact +602280 +602710 2 5 20
a contact +602280 +602710 5 2 20
a contact +608016 +608446 2 1 20
a contact +608016 +608446 1 2 20
a contact +608016 +608446 2 5 20
a contact +608016 +608446 5 2 20
a contact +613752 +614182 2 1 20
a contact +613752 +614182 1 2 20
a contact +613752 +614182 2 5 20
a contact +613752 +614182 5 2 20
a contact +619488 +619918 2 1 20
a contact +619488 +619918 1 2 20
a contact +619488 +619918 2 5 20
a contact +619488 +619918 5 2 20
a contact +625224 +625654 2 1 20
a contact +625224 +625654 1 2 20
a contact +625224 +625654 2 5 20
a contact +625224 +625654 5 2 20
a contact +630960 +631390 2 1 20
a contact +630960 +631390 1 2 20
a contact +630960 +631390 2 5 20
a contact +630960 +631390 5 2 20
a contact +636696 +637126 2 1 20
a contact +636696 +637126 1 2 20
a contact +636696 +637126 2 5 20
a contact +636696 +637126 5 2 20
a contact +642432 +642862 2 1 20
a contact +642432 +642862 1 2 20
a contact +642432 +642862 2 5 20
a contact +642432 +642862 5 2 20
a contact +648168 +648598 2 1 20
a contact +648168 +648598 1 2 20
a contact +648168 +648598 2 5 20
a contact +648168 +648598 5 2 20
a contact +653904 +654334 2 1 20
a contact +653904 +654334 1 2 20
a contact +653904 +654334 2 5 20
a contact +653904 +654334 5 2 20
a contact +659640 +660070 2 1 20
a contact +659640 +660070 1 2 20
a contact +659640 +660070 2 5 20
a contact +659640 +660070 5 2 20
a contact +665376 +665806 2 1 20
a contact +665376 +665806 1 2 20
a contact +665376 +665806 2 5 20
a contact +665376 +665806 5 2 20
a contact +671112 +671542 2 1 20
a contact +671112 +671542 1 2 20
a contact +671112 +671542 2 5 20
a contact +671112 +671542 5 2 20
a contact +676848 +677278 2 1 20
a contact +676848 +677278 1 2 20
a contact +676848 +677278 2 5 20
a contact +676848 +677278 5 2 20
a contact +682584 +683014 2 1 20
a contact +682584 +683014 1 2 20
a contact +682584 +683014 2 5 20
a contact +682584 +683014 5 2 20
a contact +688320 +688750 2 1 20
a contact +688320 +688750 1 2 20
a contact +688320 +688750 2 5 20
a contact +688320 +688750 5 2 20
a contact +694056 +694486 2 1 20
a contact +694056 +694486 1 2 20
a contact +694056 +694486 2 5 20
a contact +694056 +694486 5 2 20
a contact +699792 +700222 2 1 20
a contact +699792 +700222 1 2 20
a contact +699792 +700222 2 5 20
a contact +699792 +700222 5 2 20
a contact +705528 +705958 2 1 20
a contact +705528 +705958 1 2 20
a contact +705528 +705958 2 5 20
a contact +705528 +705958 5 2 20
a contact +711264 +711694 2 1 20
a contact +711264 +711694 1 2 20
a contact +711264 +711694 2 5 20
a contact +711264 +711694 5 2 20
a contact +717000 +717430 2 1 20
a contact +717000 +717430 1 2 20
a contact +717000 +717430 2 5 20
a contact +717000 +717430 5 2 20
a contact +722736 +723166 2 1 20
a contact +722736 +723166 1 2 20
a contact +722736 +723166 2 5 20
a contact +722736 +723166 5 2 20
a contact +728472 +728902 2 1 20
a contact +728472 +728902 1 2 20
a contact +728472 +728902 2 5 20
a contact +728472 +728902 5 2 20
a contact +734208 +734638 2 1 20
a contact +734208 +734638 1 2 20
a contact +734208 +734638 2 5 20
a contact +734208 +734638 5 2 20
a contact +739944 +740374 2 1 20
a contact +739944 +740374 1 2 20
a contact +739944 +740374 2 5 20
a contact +739944 +740374 5 2 20
a contact +745680 +746110 2 1 20
a contact +745680 +746110 1 2 20
a contact +745680 +746110 2 5 20
a contact +745680 +746110 5 2 20
a contact +751416 +751846 2 1 20
a contact +751416 +751846 1 2 20
a contact +751416 +751846 2 5 20
a contact +751416 +751846 5 2 20
a contact +757152 +757582 2 1 20
a contact +757152 +757582 1 2 20
a contact +757152 +757582 2 5 20
a contact +757152 +757582 5 2 20
a contact +762888 +763318 2 1 20
a contact +762888 +763318 1 2 20
a contact +762888 +763318 2 5 20
a contact +762888 +763318 5 2 20
a contact +768624 +769054 2 1 20
a contact +768624 +769054 1 2 20
a contact +768624 +769054 2 5 20
a contact +768624 +769054 5 2 20
a contact +774360 +774790 2 1 20
a contact +774360 +774790 1 2 20
a contact +774360 +774790 2 5 20
a contact +774360 +774790 5 2 20
a contact +780096 +780526 2 1 20
a contact +780096 +780526 1 2 20
a contact +780096 +780526 2 5 20
a contact +780096 +780526 5 2 20
a contact +785832 +786262 2 1 20
a contact +785832 +786262 1 2 20
a contact +785832 +786262 2 5 20
a contact +785832 +786262 5 2 20
a contact +791568 +791998 2 1 20
a contact +791568 +791998 1 2 20
a contact +791568 +791998 2 5 20
a contact +791568 +791998 5 2 20
a contact +797304 +797734 2 1 20
a contact +797304 +797734 1 2 20
a contact +797304 +797734 2 5 20
a contact +797304 +797734 5 2 20
a contact +803040 +803470 2 1 20
a contact +803040 +803470 1 2 20
a contact +803040 +803470 2 5 20
a contact +803040 +803470 5 2 20
a contact +808776 +809206 2 1 20
a contact +808776 +809206 1 2 20
a contact +808776 +809206 2 5 20
a contact +808776 +809206 5 2 20
a contact +814512 +814942 2 1 20
a contact +814512 +814942 1 2 20
a contact +814512 +814942 2 5 20
a contact +814512 +814942 5 2 20
a contact +820248 +820678 2 1 20
a contact +820248 +820678 1 2 20
a contact +820248 +820678 2 5 20
a contact +820248 +820678 5 2 20
a contact +825984 +826414 2 1 20
a contact +825984 +826414 1 2 20
a contact +825984 +826414 2 5 20
a contact +825984 +826414 5 2 20
a contact +831720 +832150 2 1 20
a contact +831720 +832150 1 2 20
a contact +831720 +832150 2 5 20
a contact +831720 +832150 5 2 20
a contact +837456 +837886 2 1 20
a contact +837456 +837886 1 2 20
a contact +837456 +837886 2 5 20
a contact +837456 +837886 5 2 20
a contact +843192 +843622 2 1 20
a contact +843192 +843622 1 2 20
a contact +843192 +843622 2 5 20
a contact +843192 +843622 5 2 20
a contact +848928 +849358 2 1 20
a contact +848928 +849358 1 2 20
a contact +848928 +849358 2 5 20
a contact +848928 +849358 5 2 20
a contact +854664 +855094 2 1 20
a contact +854664 +855094 1 2 20
a contact +854664 +855094 2 5 20
a contact +854664 +855094 5 2 20
a contact +860400 +860830 2 1 20
a contact +860400 +860830 1 2 20
a contact +860400 +860830 2 5 20
a contact +860400 +860830 5 2 20
a contact +866136 +866566 2 1 20
a contact +866136 +866566 1 2 20
a contact +866136 +866566 2 5 20
a contact +866136 +866566 5 2 20
a contact +871872 +872302 2 1 20
a contact +871872 +872302 1 2 20
a contact +871872 +872302 2 5 20
a contact +871872 +872302 5 2 20
a contact +877608 +878038 2 1 20
a contact +877608 +878038 1 2 20
a contact +877608 +878038 2 5 20
a contact +877608 +878038 5 2 20
a contact +883344 +883774 2 1 20
a contact +883344 +883774 1 2 20
a contact +883344 +883774 2 5 20
a contact +883344 +883774 5 2 20
a contact +889080 +889510 2 1 20
a contact +889080 +889510 1 2 20
a contact +889080 +889510 2 5 20
a contact +889080 +889510 5 2 20
a contact +894816 +895246 2 1 20
a contact +894816 +895246 1 2 20
a contact +894816 +895246 2 5 20
a contact +894816 +895246 5 2 20
a contact +900552 +900982 2 1 20
a contact +900552 +900982 1 2 20
a contact +900552 +900982 2 5 20
a contact +900552 +900982 5 2 20
a contact +906288 +906718 2 1 20
a contact +906288 +906718 1 2 20
a contact +906288 +906718 2 5 20
a contact +906288 +906718 5 2 20
a contact +912024 +912454 2 1 20
a contact +912024 +912454 1 2 20
a contact +912024 +912454 2 5 20
a contact +912024 +912454 5 2 20
a contact +917760 +918190 2 1 20
a contact +917760 +918190 1 2 20
a contact +917760 +918190 2 5 20
a contact +917760 +918190 5 2 20
a contact +923496 +923926 2 1 20
a contact +923496 +923926 1 2 20
a contact +923496 +923926 2 5 20
a contact +923496 +923926 5 2 20
a contact +929232 +929662 2 1 20
a contact +929232 +929662 1 2 20
a contact +929232 +929662 2 5 20
a contact +929232 +929662 5 2 20
a contact +934968 +935398 2 1 20
a contact +934968 +935398 1 2 20
a contact +934968 +935398 2 5 20
a contact +934968 +935398 5 2 20
a contact +940704 +941134 2 1 20
a contact +940704 +941134 1 2 20
a contact +940704 +941134 2 5 20
a contact +940704 +941134 5 2 20
a contact +946440 +946870 2 1 20
a contact +946440 +946870 1 2 20
a contact +946440 +946870 2 5 20
a contact +946440 +946870 5 2 20
a contact +952176 +952606 2 1 20
a contact +952176 +952606 1 2 20
a contact +952176 +952606 2 5 20
a contact +952176 +952606 5 2 20
a contact +957912 +958342 2 1 20
a contact +957912 +958342 1 2 20
a contact +957912 +958342 2 5 20
a contact +957912 +958342 5 2 20
a contact +963648 +964078 2 1 20
a contact +963648 +964078 1 2 20
a contact +963648 +964078 2 5 20
a contact +963648 +964078 5 2 20
a contact +969384 +969814 2 1 20
a contact +969384 +969814 1 2 20
a contact +969384 +969814 2 5 20
a contact +969384 +969814 5 2 20
a contact +975120 +975550 2 1 20
a contact +975120 +975550 1 2 20
a contact +975120 +975550 2 5 20
a contact +975120 +975550 5 2 20
a contact +980856 +981286 2 1 20
a contact +980856 +981286 1 2 20
a contact +980856 +981286 2 5 20
a contact +980856 +981286 5 2 20
a contact +986592 +987022 2 1 20
a contact +986592 +987022 1 2 20
a contact +986592 +987022 2 5 20
a contact +986592 +987022 5 2 20
a contact +992328 +992758 2 1 20
a contact +992328 +992758 1 2 20
a contact +992328 +992758 2 5 20
a contact +992328 +992758 5 2 20
a contact +998064 +998494 2 1 20
a contact +998064 +998494 1 2 20
a contact +998064 +998494 2 5 20
a contact +998064 +998494 5 2 20
a contact +1003800 +1004230 2 1 20
a contact +1003800 +1004230 1 2 20
a contact +1003800 +1004230 2 5 20
a contact +1003800 +1004230 5 2 20
a contact +1009536 +1009966 2 1 20
a contact +1009536 +1009966 1 2 20
a contact +1009536 +1009966 2 5 20
a contact +1009536 +1009966 5 2 20
a contact +1015272 +1015702 2 1 20
a contact +1015272 +1015702 1 2 20
a contact +1015272 +1015702 2 5 20
a contact +1015272 +1015702 5 2 20
a contact +1021008 +1021438 2 1 20
a contact +1021008 +1021438 1 2 20
a contact +1021008 +1021438 2 5 20
a contact +1021008 +1021438 5 2 20
a contact +1026744 +1027174 2 1 20
a contact +1026744 +1027174 1 2 20
a contact +1026744 +1027174 2 5 20
a contact +1026744 +1027174 5 2 20
a contact +1032480 +1032910 2 1 20
a contact +1032480 +1032910 1 2 20
a contact +1032480 +1032910 2 5 20
a contact +1032480 +1032910 5 2 20
a contact +1038216 +1038646 2 1 20
a contact +1038216 +1038646 1 2 20
a contact +1038216 +1038646 2 5 20
a contact +1038216 +1038646 5 2 20
a contact +1043952 +1044382 2 1 20
a contact +1043952 +1044382 1 2 20
a contact +1043952 +1044382 2 5 20
a contact +1043952 +1044382 5 2 20
a contact +1049688 +1050118 2 1 20
a contact +1049688 +1050118 1 2 20
a contact +1049688 +1050118 2 5 20
a contact +1049688 +1050118 5 2 20
a contact +1055424 +1055854 2 1 20
a contact +1055424 +1055854 1 2 20
a contact +1055424 +1055854 2 5 20
a contact +1055424 +1055854 5 2 20
a contact +1061160 +1061590 2 1 20
a contact +1061160 +1061590 1 2 20
a contact +1061160 +1061590 2 5 20
a contact +1061160 +1061590 5 2 20
a contact +1066896 +1067326 2 1 20
a contact +1066896 +1067326 1 2 20
a contact +1066896 +1067326 2 5 20
a contact +1066896 +1067326 5 2 20
a contact +1072632 +1073062 2 1 20
a contact +1072632 +1073062 1 2 20
a contact +1072632 +1073062 2 5 20
a contact +1072632 +1073062 5 2 20
a contact +1078368 +1078798 2 1 20
a contact +1078368 +1078798 1 2 20
a contact +1078368 +1078798 2 5 20
a contact +1078368 +1078798 5 2 20
a contact +1084104 +1084534 2 1 20
a contact +1084104 +1084534 1 2 20
a contact +1084104 +1084534 2 5 20
a contact +1084104 +1084534 5 2 20
a contact +1089840 +1090270 2 1 20
a contact +1089840 +1090270 1 2 20
a contact +1089840 +1090270 2 5 20
a contact +1089840 +1090270 5 2 20
a contact +1095576 +1096006 2 1 20
a contact +1095576 +1096006 1 2 20
a contact +1095576 +1096006 2 5 20
a contact +1095576 +1096006 5 2 20
a contact +1101312 +1101742 2 1 20
a contact +1101312 +1101742 1 2 20
a contact +1101312 +1101742 2 5 20
a contact +1101312 +1101742 5 2 20
a contact +1107048 +1107478 2 1 20
a contact +1107048 +1107478 1 2 20
a contact +1107048 +1107478 2 5 20
a contact +1107048 +1107478 5 2 20
a contact +1112784 +1113214 2 1 20
a contact +1112784 +1113214 1 2 20
a contact +1112784 +1113214 2 5 20
a contact +1112784 +1113214 5 2 20
a contact +1118520 +1118950 2 1 20
a contact +1118520 +1118950 1 2 20
a contact +1118520 +1118950 2 5 20
a contact +1118520 +1118950 5 2 20
a contact +1124256 +1124686 2 1 20
a contact +1124256 +1124686 1 2 20
a contact +1124256 +1124686 2 5 20
a contact +1124256 +1124686 5 2 20
a contact +1129992 +1130422 2 1 20
a contact +1129992 +1130422 1 2 20
a contact +1129992 +1130422 2 5 20
a contact +1129992 +1130422 5 2 20
a contact +1135728 +1136158 2 1 20
a contact +1135728 +1136158 1 2 20
a contact +1135728 +1136158 2 5 20
a contact +1135728 +1136158 5 2 20
a contact +1141464 +1141894 2 1 20
a contact +1141464 +1141894 1 2 20
a contact +1141464 +1141894 2 5 20
a contact +1141464 +1141894 5 2 20
a contact +1147200 +1147630 2 1 20
a contact +1147200 +1147630 1 2 20
a contact +1147200 +1147630 2 5 20
a contact +1147200 +1147630 5 2 20
a contact +1152936 +1153366 2 1 20
a contact +1152936 +1153366 1 2 20
a contact +1152936 +1153366 2 5 20
a contact +1152936 +1153366 5 2 20
a contact +1158672 +1159102 2 1 20
a contact +1158672 +1159102 1 2 20
a contact +1158672 +1159102 2 5 20
a contact +1158672 +1159102 5 2 20
a contact +1164408 +1164838 2 1 20
a contact +1164408 +1164838 1 2 20
a contact +1164408 +1164838 2 5 20
a contact +1164408 +1164838 5 2 20
a contact +1170144 +1170574 2 1 20
a contact +1170144 +1170574 1 2 20
a contact +1170144 +1170574 2 5 20
a contact +1170144 +1170574 5 2 20
a contact +1175880 +1176310 2 1 20
a contact +1175880 +1176310 1 2 20
a contact +1175880 +1176310 2 5 20
a contact +1175880 +1176310 5 2 20
a contact +1181616 +1182046 2 1 20
a contact +1181616 +1182046 1 2 20
a contact +1181616 +1182046 2 5 20
a contact +1181616 +1182046 5 2 20
a contact +1187352 +1187782 2 1 20
a contact +1187352 +1187782 1 2 20
a contact +1187352 +1187782 2 5 20
a contact +1187352 +1187782 5 2 20
a contact +1193088 +1193518 2 1 20
a contact +1193088 +1193518 1 2 20
a contact +1193088 +1193518 2 5 20
a contact +1193088 +1193518 5 2 20
a contact +1198824 +1199254 2 1 20
a contact +1198824 +1199254 1 2 20
a contact +1198824 +1199254 2 5 20
a contact +1198824 +1199254 5 2 20
a contact +1912 +2342 3 1 20
a contact +1912 +2342 1 3 20
a contact +1912 +2342 3 5 20
a contact +1912 +2342 5 3 20
a contact +7648 +8078 3 1 20
a contact +7648 +8078 1 3 20
a contact +7648 +8078 3 5 20
a contact +7648 +8078 5 3 20
a contact +13384 +13814 3 1 20
a contact +13384 +13814 1 3 20
a contact +13384 +13814 3 5 20
a contact +13384 +13814 5 3 20
a contact +19120 +19550 3 1 20
a contact +19120 +19550 1 3 20
a contact +19120 +19550 3 5 20
a contact +19120 +19550 5 3 20
a contact +24856 +25286 3 1 20
a contact +24856 +25286 1 3 20
a contact +24856 +25286 3 5 20
a contact +24856 +25286 5 3 20
a contact +30592 +31022 3 1 20
a contact +30592 +31022 1 3 20
a contact +30592 +31022 3 5 20
a contact +30592 +31022 5 3 20
a contact +36328 +36758 3 1 20
a contact +36328 +36758 1 3 20
a contact +36328 +36758 3 5 20
a contact +36328 +36758 5 3 20
a contact +42064 +42494 3 1 20
a contact +42064 +42494 1 3 20
a contact +42064 +42494 3 5 20
a contact +42064 +42494 5 3 20
a contact +47800 +48230 3 1 20
a contact +47800 +48230 1 3 20
a contact +47800 +48230 3 5 20
a contact +47800 +48230 5 3 20
a contact +53536 +53966 3 1 20
a contact +53536 +53966 1 3 20
a contact +53536 +53966 3 5 20
a contact +53536 +53966 5 3 20
a contact +59272 +59702 3 1 20
a contact +59272 +59702 1 3 20
a contact +59272 +59702 3 5 20
a contact +59272 +59702 5 3 20
a contact +65008 +65438 3 1 20
a contact +65008 +65438 1 3 20
a contact +65008 +65438 3 5 20
a contact +65008 +65438 5 3 20
a contact +70744 +71174 3 1 20
a contact +70744 +71174 1 3 20
a contact +70744 +71174 3 5 20
a contact +70744 +71174 5 3 20
a contact +76480 +76910 3 1 20
a contact +76480 +76910 1 3 20
a contact +76480 +76910 3 5 20
a contact +76480 +76910 5 3 20
a contact +82216 +82646 3 1 20
a contact +82216 +82646 1 3 20
a contact +82216 +82646 3 5 20
a contact +82216 +82646 5 3 20
a contact +87952 +88382 3 1 20
a contact +87952 +88382 1 3 20
a contact +87952 +88382 3 5 20
a contact +87952 +88382 5 3 20
a contact +93688 +94118 3 1 20
a contact +93688 +94118 1 3 20
a contact +93688 +94118 3 5 20
a contact +93688 +94118 5 3 20
a contact +99424 +99854 3 1 20
a contact +99424 +99854 1 3 20
a contact +99424 +99854 3 5 20
a contact +99424 +99854 5 3 20
a contact +105160 +105590 3 1 20
a contact +105160 +105590 1 3 20
a contact +105160 +105590 3 5 20
a contact +105160 +105590 5 3 20
a contact +110896 +111326 3 1 20
a contact +110896 +111326 1 3 20
a contact +110896 +111326 3 5 20
a contact +110896 +111326 5 3 20
a contact +116632 +117062 3 1 20
a contact +116632 +117062 1 3 20
a contact +116632 +117062 3 5 20
a contact +116632 +117062 5 3 20
a contact +122368 +122798 3 1 20
a contact +122368 +122798 1 3 20
a contact +122368 +122798 3 5 20
a contact +122368 +122798 5 3 20
a contact +128104 +128534 3 1 20
a contact +128104 +128534 1 3 20
a contact +128104 +128534 3 5 20
a contact +128104 +128534 5 3 20
a contact +133840 +134270 3 1 20
a contact +133840 +134270 1 3 20
a contact +133840 +134270 3 5 20
a contact +133840 +134270 5 3 20
a contact +139576 +140006 3 1 20
a contact +139576 +140006 1 3 20
a contact +139576 +140006 3 5 20
a contact +139576 +140006 5 3 20
a contact +145312 +145742 3 1 20
a contact +145312 +145742 1 3 20
a contact +145312 +145742 3 5 20
a contact +145312 +145742 5 3 20
a contact +151048 +151478 3 1 20
a contact +151048 +151478 1 3 20
a contact +151048 +151478 3 5 20
a contact +151048 +151478 5 3 20
a contact +156784 +157214 3 1 20
a contact +156784 +157214 1 3 20
a contact +156784 +157214 3 5 20
a contact +156784 +157214 5 3 20
a contact +162520 +162950 3 1 20
a contact +162520 +162950 1 3 20
a contact +162520 +162950 3 5 20
a contact +162520 +162950 5 3 20
a contact +168256 +168686 3 1 20
a contact +168256 +168686 1 3 20
a contact +168256 +168686 3 5 20
a contact +168256 +168686 5 3 20
a contact +173992 +174422 3 1 20
a contact +173992 +174422 1 3 20
a contact +173992 +174422 3 5 20
a contact +173992 +174422 5 3 20
a contact +179728 +180158 3 1 20
a contact +179728 +180158 1 3 20
a contact +179728 +180158 3 5 20
a contact +179728 +180158 5 3 20
a contact +185464 +185894 3 1 20
a contact +185464 +185894 1 3 20
a contact +185464 +185894 3 5 20
a contact +185464 +185894 5 3 20
a contact +191200 +191630 3 1 20
a contact +191200 +191630 1 3 20
a contact +191200 +191630 3 5 20
a contact +191200 +191630 5 3 20
a contact +196936 +197366 3 1 20
a contact +196936 +197366 1 3 20
a contact +196936 +197366 3 5 20
a contact +196936 +197366 5 3 20
a contact +202672 +203102 3 1 20
a contact +202672 +203102 1 3 20
a contact +202672 +203102 3 5 20
a contact +202672 +203102 5 3 20
a contact +208408 +208838 3 1 20
a contact +208408 +208838 1 3 20
a contact +208408 +208838 3 5 20
a contact +208408 +208838 5 3 20
a contact +214144 +214574 3 1 20
a contact +214144 +214574 1 3 20
a contact +214144 +214574 3 5 20
a contact +214144 +214574 5 3 20
a contact +219880 +220310 3 1 20
a contact +219880 +220310 1 3 20
a contact +219880 +220310 3 5 20
a contact +219880 +220310 5 3 20
a contact +225616 +226046 3 1 20
a contact +225616 +226046 1 3 20
a contact +225616 +226046 3 5 20
a contact +225616 +226046 5 3 20
a contact +231352 +231782 3 1 20
a contact +231352 +231782 1 3 20
a contact +231352 +231782 3 5 20
a contact +231352 +231782 5 3 20
a contact +237088 +237518 3 1 20
a contact +237088 +237518 1 3 20
a contact +237088 +237518 3 5 20
a contact +237088 +237518 5 3 20
a contact +242824 +243254 3 1 20
a contact +242824 +243254 1 3 20
a contact +242824 +243254 3 5 20
a contact +242824 +243254 5 3 20
a contact +248560 +248990 3 1 20
a contact +248560 +248990 1 3 20
a contact +248560 +248990 3 5 20
a contact +248560 +248990 5 3 20
a contact +254296 +254726 3 1 20
a contact +254296 +254726 1 3 20
a contact +254296 +254726 3 5 20
a contact +254296 +254726 5 3 20
a contact +260032 +260462 3 1 20
a contact +260032 +260462 1 3 20
a contact +260032 +260462 3 5 20
a contact +260032 +260462 5 3 20
a contact +265768 +266198 3 1 20
a contact +265768 +266198 1 3 20
a contact +265768 +266198 3 5 20
a contact +265768 +266198 5 3 20
a contact +271504 +271934 3 1 20
a contact +271504 +271934 1 3 20
a contact +271504 +271934 3 5 20
a contact +271504 +271934 5 3 20
a contact +277240 +277670 3 1 20
a contact +277240 +277670 1 3 20
a contact +277240 +277670 3 5 20
a contact +277240 +277670 5 3 20
a contact +282976 +283406 3 1 20
a contact +282976 +283406 1 3 20
a contact +282976 +283406 3 5 20
a contact +282976 +283406 5 3 20
a contact +288712 +289142 3 1 20
a contact +288712 +289142 1 3 20
a contact +288712 +289142 3 5 20
a contact +288712 +289142 5 3 20
a contact +294448 +294878 3 1 20
a contact +294448 +294878 1 3 20
a contact +294448 +294878 3 5 20
a contact +294448 +294878 5 3 20
a contact +300184 +300614 3 1 20
a contact +300184 +300614 1 3 20
a contact +300184 +300614 3 5 20
a contact +300184 +300614 5 3 20
a contact +305920 +306350 3 1 20
a contact +305920 +306350 1 3 20
a contact +305920 +306350 3 5 20
a contact +305920 +306350 5 3 20
a contact +311656 +312086 3 1 20
a contact +311656 +312086 1 3 20
a contact +311656 +312086 3 5 20
a contact +311656 +312086 5 3 20
a contact +317392 +317822 3 1 20
a contact +317392 +317822 1 3 20
a contact +317392 +317822 3 5 20
a contact +317392 +317822 5 3 20
a contact +323128 +323558 3 1 20
a contact +323128 +323558 1 3 20
a contact +323128 +323558 3 5 20
a contact +323128 +323558 5 3 20
a contact +328864 +329294 3 1 20
a contact +328864 +329294 1 3 20
a contact +328864 +329294 3 5 20
a contact +328864 +329294 5 3 20
a contact +334600 +335030 3 1 20
a contact +334600 +335030 1 3 20
a contact +334600 +335030 3 5 20
a contact +334600 +335030 5 3 20
a contact +340336 +340766 3 1 20
a contact +340336 +340766 1 3 20
a contact +340336 +340766 3 5 20
a contact +340336 +340766 5 3 20
a contact +346072 +346502 3 1 20
a contact +346072 +346502 1 3 20
a contact +346072 +346502 3 5 20
a contact +346072 +346502 5 3 20
a contact +351808 +352238 3 1 20
a contact +351808 +352238 1 3 20
a contact +351808 +352238 3 5 20
a contact +351808 +352238 5 3 20
a contact +357544 +357974 3 1 20
a contact +357544 +357974 1 3 20
a contact +357544 +357974 3 5 20
a contact +357544 +357974 5 3 20
a contact +363280 +363710 3 1 20
a contact +363280 +363710 1 3 20
a contact +363280 +363710 3 5 20
a contact +363280 +363710 5 3 20
a contact +369016 +369446 3 1 20
a contact +369016 +369446 1 3 20
a contact +369016 +369446 3 5 20
a contact +369016 +369446 5 3 20
a contact +374752 +375182 3 1 20
a contact +374752 +375182 1 3 20
a contact +374752 +375182 3 5 20
a contact +374752 +375182 5 3 20
a contact +380488 +380918 3 1 20
a contact +380488 +380918 1 3 20
a contact +380488 +380918 3 5 20
a contact +380488 +380918 5 3 20
a contact +386224 +386654 3 1 20
a contact +386224 +386654 1 3 20
a contact +386224 +386654 3 5 20
a contact +386224 +386654 5 3 20
a contact +391960 +392390 3 1 20
a contact +391960 +392390 1 3 20
a contact +391960 +392390 3 5 20
a contact +391960 +392390 5 3 20
a contact +397696 +398126 3 1 20
a contact +397696 +398126 1 3 20
a contact +397696 +398126 3 5 20
a contact +397696 +398126 5 3 20
a contact +403432 +403862 3 1 20
a contact +403432 +403862 1 3 20
a contact +403432 +403862 3 5 20
a contact +403432 +403862 5 3 20
a contact +409168 +409598 3 1 20
a contact +409168 +409598 1 3 20
a contact +409168 +409598 3 5 20
a contact +409168 +409598 5 3 20
a contact +414904 +415334 3 1 20
a contact +414904 +415334 1 3 20
a contact +414904 +415334 3 5 20
a contact +414904 +415334 5 3 20
a contact +420640 +421070 3 1 20
a contact +420640 +421070 1 3 20
a contact +420640 +421070 3 5 20
a contact +420640 +421070 5 3 20
a contact +426376 +426806 3 1 20
a contact +426376 +426806 1 3 20
a contact +426376 +426806 3 5 20
a contact +426376 +426806 5 3 20
a contact +432112 +432542 3 1 20
a contact +432112 +432542 1 3 20
a contact +432112 +432542 3 5 20
a contact +432112 +432542 5 3 20
a contact +437848 +438278 3 1 20
a contact +437848 +438278 1 3 20
a contact +437848 +438278 3 5 20
a contact +437848 +438278 5 3 20
a contact +443584 +444014 3 1 20
a contact +443584 +444014 1 3 20
a contact +443584 +444014 3 5 20
a contact +443584 +444014 5 3 20
a contact +449320 +449750 3 1 20
a contact +449320 +449750 1 3 20
a contact +449320 +449750 3 5 20
a contact +449320 +449750 5 3 20
a contact +455056 +455486 3 1 20
a contact +455056 +455486 1 3 20
a contact +455056 +455486 3 5 20
a contact +455056 +455486 5 3 20
a contact +460792 +461222 3 1 20
a contact +460792 +461222 1 3 20
a contact +460792 +461222 3 5 20
a contact +460792 +461222 5 3 20
a contact +466528 +466958 3 1 20
a contact +466528 +466958 1 3 20
a contact +466528 +466958 3 5 20
a contact +466528 +466958 5 3 20
a contact +472264 +472694 3 1 20
a contact +472264 +472694 1 3 20
a contact +472264 +472694 3 5 20
a contact +472264 +472694 5 3 20
a contact +478000 +478430 3 1 20
a contact +478000 +478430 1 3 20
a contact +478000 +478430 3 5 20
a contact +478000 +478430 5 3 20
a contact +483736 +484166 3 1 20
a contact +483736 +484166 1 3 20
a contact +483736 +484166 3 5 20
a contact +483736 +484166 5 3 20
a contact +489472 +489902 3 1 20
a contact +489472 +489902 1 3 20
a contact +489472 +489902 3 5 20
a contact +489472 +489902 5 3 20
a contact +495208 +495638 3 1 20
a contact +495208 +495638 1 3 20
a contact +495208 +495638 3 5 20
a contact +495208 +495638 5 3 20
a contact +500944 +501374 3 1 20
a contact +500944 +501374 1 3 20
a contact +500944 +501374 3 5 20
a contact +500944 +501374 5 3 20
a contact +506680 +507110 3 1 20
a contact +506680 +507110 1 3 20
a contact +506680 +507110 3 5 20
a contact +506680 +507110 5 3 20
a contact +512416 +512846 3 1 20
a contact +512416 +512846 1 3 20
a contact +512416 +512846 3 5 20
a contact +512416 +512846 5 3 20
a contact +518152 +518582 3 1 20
a contact +518152 +518582 1 3 20
a contact +518152 +518582 3 5 20
a contact +518152 +518582 5 3 20
a contact +523888 +524318 3 1 20
a contact +523888 +524318 1 3 20
a contact +523888 +524318 3 5 20
a contact +523888 +524318 5 3 20
a contact +529624 +530054 3 1 20
a contact +529624 +530054 1 3 20
a contact +529624 +530054 3 5 20
a contact +529624 +530054 5 3 20
a contact +535360 +535790 3 1 20
a contact +535360 +535790 1 3 20
a contact +535360 +535790 3 5 20
a contact +535360 +535790 5 3 20
a contact +541096 +541526 3 1 20
a contact +541096 +541526 1 3 20
a contact +541096 +541526 3 5 20
a contact +541096 +541526 5 3 20
a contact +546832 +547262 3 1 20
a contact +546832 +547262 1 3 20
a contact +546832 +547262 3 5 20
a contact +546832 +547262 5 3 20
a contact +552568 +552998 3 1 20
a contact +552568 +552998 1 3 20
a contact +552568 +552998 3 5 20
a contact +552568 +552998 5 3 20
a contact +558304 +558734 3 1 20
a contact +558304 +558734 1 3 20
a contact +558304 +558734 3 5 20
a contact +558304 +558734 5 3 20
a contact +564040 +564470 3 1 20
a contact +564040 +564470 1 3 20
a contact +564040 +564470 3 5 20
a contact +564040 +564470 5 3 20
a contact +569776 +570206 3 1 20
a contact +569776 +570206 1 3 20
a contact +569776 +570206 3 5 20
a contact +569776 +570206 5 3 20
a contact +575512 +575942 3 1 20
a contact +575512 +575942 1 3 20
a contact +575512 +575942 3 5 20
a contact +575512 +575942 5 3 20
a contact +581248 +581678 3 1 20
a contact +581248 +581678 1 3 20
a contact +581248 +581678 3 5 20
a contact +581248 +581678 5 3 20
a contact +586984 +587414 3 1 20
a contact +586984 +587414 1 3 20
a contact +586984 +587414 3 5 20
a contact +586984 +587414 5 3 20
a contact +592720 +593150 3 1 20
a contact +592720 +593150 1 3 20
a contact +592720 +593150 3 5 20
a contact +592720 +593150 5 3 20
a contact +598456 +598886 3 1 20
a contact +598456 +598886 1 3 20
a contact +598456 +598886 3 5 20
a contact +598456 +598886 5 3 20
a contact +604192 +604622 3 1 20
a contact +604192 +604622 1 3 20
a contact +604192 +604622 3 5 20
a contact +604192 +604622 5 3 20
a contact +609928 +610358 3 1 20
a contact +609928 +610358 1 3 20
a contact +609928 +610358 3 5 20
a contact +609928 +610358 5 3 20
a contact +615664 +616094 3 1 20
a contact +615664 +616094 1 3 20
a contact +615664 +616094 3 5 20
a contact +615664 +616094 5 3 20
a contact +621400 +621830 3 1 20
a contact +621400 +621830 1 3 20
a contact +621400 +621830 3 5 20
a contact +621400 +621830 5 3 20
a contact +627136 +627566 3 1 20
a contact +627136 +627566 1 3 20
a contact +627136 +627566 3 5 20
a contact +627136 +627566 5 3 20
a contact +632872 +633302 3 1 20
a contact +632872 +633302 1 3 20
a contact +632872 +633302 3 5 20
a contact +632872 +633302 5 3 20
a contact +638608 +639038 3 1 20
a contact +638608 +639038 1 3 20
a contact +638608 +639038 3 5 20
a contact +638608 +639038 5 3 20
a contact +644344 +644774 3 1 20
a contact +644344 +644774 1 3 20
a contact +644344 +644774 3 5 20
a contact +644344 +644774 5 3 20
a contact +650080 +650510 3 1 20
a contact +650080 +650510 1 3 20
a contact +650080 +650510 3 5 20
a contact +650080 +650510 5 3 20
a contact +655816 +656246 3 1 20
a contact +655816 +656246 1 3 20
a contact +655816 +656246 3 5 20
a contact +655816 +656246 5 3 20
a contact +661552 +661982 3 1 20
a contact +661552 +661982 1 3 20
a contact +661552 +661982 3 5 20
a contact +661552 +661982 5 3 20
a contact +667288 +667718 3 1 20
a contact +667288 +667718 1 3 20
a contact +667288 +667718 3 5 20
a contact +667288 +667718 5 3 20
a contact +673024 +673454 3 1 20
a contact +673024 +673454 1 3 20
a contact +673024 +673454 3 5 20
a contact +673024 +673454 5 3 20
a contact +678760 +679190 3 1 20
a contact +678760 +679190 1 3 20
a contact +678760 +679190 3 5 20
a contact +678760 +679190 5 3 20
a contact +684496 +684926 3 1 20
a contact +684496 +684926 1 3 20
a contact +684496 +684926 3 5 20
a contact +684496 +684926 5 3 20
a contact +690232 +690662 3 1 20
a contact +690232 +690662 1 3 20
a contact +690232 +690662 3 5 20
a contact +690232 +690662 5 3 20
a contact +695968 +696398 3 1 20
a contact +695968 +696398 1 3 20
a contact +695968 +696398 3 5 20
a contact +695968 +696398 5 3 20
a contact +701704 +702134 3 1 20
a contact +701704 +702134 1 3 20
a contact +701704 +702134 3 5 20
a contact +701704 +702134 5 3 20
a contact +707440 +707870 3 1 20
a contact +707440 +707870 1 3 20
a contact +707440 +707870 3 5 20
a contact +707440 +707870 5 3 20
a contact +713176 +713606 3 1 20
a contact +713176 +713606 1 3 20
a contact +713176 +713606 3 5 20
a contact +713176 +713606 5 3 20
a contact +718912 +719342 3 1 20
a contact +718912 +719342 1 3 20
a contact +718912 +719342 3 5 20
a contact +718912 +719342 5 3 20
a contact +724648 +725078 3 1 20
a contact +724648 +725078 1 3 20
a contact +724648 +725078 3 5 20
a contact +724648 +725078 5 3 20
a contact +730384 +730814 3 1 20
a contact +730384 +730814 1 3 20
a contact +730384 +730814 3 5 20
a contact +730384 +730814 5 3 20
a contact +736120 +736550 3 1 20
a contact +736120 +736550 1 3 20
a contact +736120 +736550 3 5 20
a contact +736120 +736550 5 3 20
a contact +741856 +742286 3 1 20
a contact +741856 +742286 1 3 20
a contact +741856 +742286 3 5 20
a contact +741856 +742286 5 3 20
a contact +747592 +748022 3 1 20
a contact +747592 +748022 1 3 20
a contact +747592 +748022 3 5 20
a contact +747592 +748022 5 3 20
a contact +753328 +753758 3 1 20
a contact +753328 +753758 1 3 20
a contact +753328 +753758 3 5 20
a contact +753328 +753758 5 3 20
a contact +759064 +759494 3 1 20
a contact +759064 +759494 1 3 20
a contact +759064 +759494 3 5 20
a contact +759064 +759494 5 3 20
a contact +764800 +765230 3 1 20
a contact +764800 +765230 1 3 20
a contact +764800 +765230 3 5 20
a contact +764800 +765230 5 3 20
a contact +770536 +770966 3 1 20
a contact +770536 +770966 1 3 20
a contact +770536 +770966 3 5 20
a contact +770536 +770966 5 3 20
a contact +776272 +776702 3 1 20
a contact +776272 +776702 1 3 20
a contact +776272 +776702 3 5 20
a contact +776272 +776702 5 3 20
a contact +782008 +782438 3 1 20
a contact +782008 +782438 1 3 20
a contact +782008 +782438 3 5 20
a contact +782008 +782438 5 3 20
a contact +787744 +788174 3 1 20
a contact +787744 +788174 1 3 20
a contact +787744 +788174 3 5 20
a contact +787744 +788174 5 3 20
a contact +793480 +793910 3 1 20
a contact +793480 +793910 1 3 20
a contact +793480 +793910 3 5 20
a contact +793480 +793910 5 3 20
a contact +799216 +799646 3 1 20
a contact +799216 +799646 1 3 20
a contact +799216 +799646 3 5 20
a contact +799216 +799646 5 3 20
a contact +804952 +805382 3 1 20
a contact +804952 +805382 1 3 20
a contact +804952 +805382 3 5 20
a contact +804952 +805382 5 3 20
a contact +810688 +811118 3 1 20
a contact +810688 +811118 1 3 20
a contact +810688 +811118 3 5 20
a contact +810688 +811118 5 3 20
a contact +816424 +816854 3 1 20
a contact +816424 +816854 1 3 20
a contact +816424 +816854 3 5 20
a contact +816424 +816854 5 3 20
a contact +822160 +822590 3 1 20
a contact +822160 +822590 1 3 20
a contact +822160 +822590 3 5 20
a contact +822160 +822590 5 3 20
a contact +827896 +828326 3 1 20
a contact +827896 +828326 1 3 20
a contact +827896 +828326 3 5 20
a contact +827896 +828326 5 3 20
a contact +833632 +834062 3 1 20
a contact +833632 +834062 1 3 20
a contact +833632 +834062 3 5 20
a contact +833632 +834062 5 3 20
a contact +839368 +839798 3 1 20
a contact +839368 +839798 1 3 20
a contact +839368 +839798 3 5 20
a contact +839368 +839798 5 3 20
a contact +845104 +845534 3 1 20
a contact +845104 +845534 1 3 20
a contact +845104 +845534 3 5 20
a contact +845104 +845534 5 3 20
a contact +850840 +851270 3 1 20
a contact +850840 +851270 1 3 20
a contact +850840 +851270 3 5 20
a contact +850840 +851270 5 3 20
a contact +856576 +857006 3 1 20
a contact +856576 +857006 1 3 20
a contact +856576 +857006 3 5 20
a contact +856576 +857006 5 3 20
a contact +862312 +862742 3 1 20
a contact +862312 +862742 1 3 20
a contact +862312 +862742 3 5 20
a contact +862312 +862742 5 3 20
a contact +868048 +868478 3 1 20
a contact +868048 +868478 1 3 20
a contact +868048 +868478 3 5 20
a contact +868048 +868478 5 3 20
a contact +873784 +874214 3 1 20
a contact +873784 +874214 1 3 20
a contact +873784 +874214 3 5 20
a contact +873784 +874214 5 3 20
a contact +879520 +879950 3 1 20
a contact +879520 +879950 1 3 20
a contact +879520 +879950 3 5 20
a contact +879520 +879950 5 3 20
a contact +885256 +885686 3 1 20
a contact +885256 +885686 1 3 20
a contact +885256 +885686 3 5 20
a contact +885256 +885686 5 3 20
a contact +890992 +891422 3 1 20
a contact +890992 +891422 1 3 20
a contact +890992 +891422 3 5 20
a contact +890992 +891422 5 3 20
a contact +896728 +897158 3 1 20
a contact +896728 +897158 1 3 20
a contact +896728 +897158 3 5 20
a contact +896728 +897158 5 3 20
a contact +902464 +902894 3 1 20
a contact +902464 +902894 1 3 20
a contact +902464 +902894 3 5 20
a contact +902464 +902894 5 3 20
a contact +908200 +908630 3 1 20
a contact +908200 +908630 1 3 20
a contact +908200 +908630 3 5 20
a contact +908200 +908630 5 3 20
a contact +913936 +914366 3 1 20
a contact +913936 +914366 1 3 20
a contact +913936 +914366 3 5 20
a contact +913936 +914366 5 3 20
a contact +919672 +920102 3 1 20
a contact +919672 +920102 1 3 20
a contact +919672 +920102 3 5 20
a contact +919672 +920102 5 3 20
a contact +925408 +925838 3 1 20
a contact +925408 +925838 1 3 20
a contact +925408 +925838 3 5 20
a contact +925408 +925838 5 3 20
a contact +931144 +931574 3 1 20
a contact +931144 +931574 1 3 20
a contact +931144 +931574 3 5 20
a contact +931144 +931574 5 3 20
a contact +936880 +937310 3 1 20
a contact +936880 +937310 1 3 20
a contact +936880 +937310 3 5 20
a contact +936880 +937310 5 3 20
a contact +942616 +943046 3 1 20
a contact +942616 +943046 1 3 20
a contact +942616 +943046 3 5 20
a contact +942616 +943046 5 3 20
a contact +948352 +948782 3 1 20
a contact +948352 +948782 1 3 20
a contact +948352 +948782 3 5 20
a contact +948352 +948782 5 3 20
a contact +954088 +954518 3 1 20
a contact +954088 +954518 1 3 20
a contact +954088 +954518 3 5 20
a contact +954088 +954518 5 3 20
a contact +959824 +960254 3 1 20
a contact +959824 +960254 1 3 20
a contact +959824 +960254 3 5 20
a contact +959824 +960254 5 3 20
a contact +965560 +965990 3 1 20
a contact +965560 +965990 1 3 20
a contact +965560 +965990 3 5 20
a contact +965560 +965990 5 3 20
a contact +971296 +971726 3 1 20
a contact +971296 +971726 1 3 20
a contact +971296 +971726 3 5 20
a contact +971296 +971726 5 3 20
a contact +977032 +977462 3 1 20
a contact +977032 +977462 1 3 20
a contact +977032 +977462 3 5 20
a contact +977032 +977462 5 3 20
a contact +982768 +983198 3 1 20
a contact +982768 +983198 1 3 20
a contact +982768 +983198 3 5 20
a contact +982768 +983198 5 3 20
a contact +988504 +988934 3 1 20
a contact +988504 +988934 1 3 20
a contact +988504 +988934 3 5 20
a contact +988504 +988934 5 3 20
a contact +994240 +994670 3 1 20
a contact +994240 +994670 1 3 20
a contact +994240 +994670 3 5 20
a contact +994240 +994670 5 3 20
a contact +999976 +1000406 3 1 20
a contact +999976 +1000406 1 3 20
a contact +999976 +1000406 3 5 20
a contact +999976 +1000406 5 3 20
a contact +1005712 +1006142 3 1 20
a contact +1005712 +1006142 1 3 20
a contact +1005712 +1006142 3 5 20
a contact +1005712 +1006142 5 3 20
a contact +1011448 +1011878 3 1 20
a contact +1011448 +1011878 1 3 20
a contact +1011448 +1011878 3 5 20
a contact +1011448 +1011878 5 3 20
a contact +1017184 +1017614 3 1 20
a contact +1017184 +1017614 1 3 20
a contact +1017184 +1017614 3 5 20
a contact +1017184 +1017614 5 3 20
a contact +1022920 +1023350 3 1 20
a contact +1022920 +1023350 1 3 20
a contact +1022920 +1023350 3 5 20
a contact +1022920 +1023350 5 3 20
a contact +1028656 +1029086 3 1 20
a contact +1028656 +1029086 1 3 20
a contact +1028656 +1029086 3 5 20
a contact +1028656 +1029086 5 3 20
a contact +1034392 +1034822 3 1 20
a contact +1034392 +1034822 1 3 20
a contact +1034392 +1034822 3 5 20
a contact +1034392 +1034822 5 3 20
a contact +1040128 +1040558 3 1 20
a contact +1040128 +1040558 1 3 20
a contact +1040128 +1040558 3 5 20
a contact +1040128 +1040558 5 3 20
a contact +1045864 +1046294 3 1 20
a contact +1045864 +1046294 1 3 20
a contact +1045864 +1046294 3 5 20
a contact +1045864 +1046294 5 3 20
a contact +1051600 +1052030 3 1 20
a contact +1051600 +1052030 1 3 20
a contact +1051600 +1052030 3 5 20
a contact +1051600 +1052030 5 3 20
a contact +1057336 +1057766 3 1 20
a contact +1057336 +1057766 1 3 20
a contact +1057336 +1057766 3 5 20
a contact +1057336 +1057766 5 3 20
a contact +1063072 +1063502 3 1 20
a contact +1063072 +1063502 1 3 20
a contact +1063072 +1063502 3 5 20
a contact +1063072 +1063502 5 3 20
a contact +1068808 +1069238 3 1 20
a contact +1068808 +1069238 1 3 20
a contact +1068808 +1069238 3 5 20
a contact +1068808 +1069238 5 3 20
a contact +1074544 +1074974 3 1 20
a contact +1074544 +1074974 1 3 20
a contact +1074544 +1074974 3 5 20
a contact +1074544 +1074974 5 3 20
a contact +1080280 +1080710 3 1 20
a contact +1080280 +1080710 1 3 20
a contact +1080280 +1080710 3 5 20
a contact +1080280 +1080710 5 3 20
a contact +1086016 +1086446 3 1 20
a contact +1086016 +1086446 1 3 20
a contact +1086016 +1086446 3 5 20
a contact +1086016 +1086446 5 3 20
a contact +1091752 +1092182 3 1 20
a contact +1091752 +1092182 1 3 20
a contact +1091752 +1092182 3 5 20
a contact +1091752 +1092182 5 3 20
a contact +1097488 +1097918 3 1 20
a contact +1097488 +1097918 1 3 20
a contact +1097488 +1097918 3 5 20
a contact +1097488 +1097918 5 3 20
a contact +1103224 +1103654 3 1 20
a contact +1103224 +1103654 1 3 20
a contact +1103224 +1103654 3 5 20
a contact +1103224 +1103654 5 3 20
a contact +1108960 +1109390 3 1 20
a contact +1108960 +1109390 1 3 20
a contact +1108960 +1109390 3 5 20
a contact +1108960 +1109390 5 3 20
a contact +1114696 +1115126 3 1 20
a contact +1114696 +1115126 1 3 20
a contact +1114696 +1115126 3 5 20
a contact +1114696 +1115126 5 3 20
a contact +1120432 +1120862 3 1 20
a contact +1120432 +1120862 1 3 20
a contact +1120432 +1120862 3 5 20
a contact +1120432 +1120862 5 3 20
a contact +1126168 +1126598 3 1 20
a contact +1126168 +1126598 1 3 20
a contact +1126168 +1126598 3 5 20
a contact +1126168 +1126598 5 3 20
a contact +1131904 +1132334 3 1 20
a contact +1131904 +1132334 1 3 20
a contact +1131904 +1132334 3 5 20
a contact +1131904 +1132334 5 3 20
a contact +1137640 +1138070 3 1 20
a contact +1137640 +1138070 1 3 20
a contact +1137640 +1138070 3 5 20
a contact +1137640 +1138070 5 3 20
a contact +1143376 +1143806 3 1 20
a contact +1143376 +1143806 1 3 20
a contact +1143376 +1143806 3 5 20
a contact +1143376 +1143806 5 3 20
a contact +1149112 +1149542 3 1 20
a contact +1149112 +1149542 1 3 20
a contact +1149112 +1149542 3 5 20
a contact +1149112 +1149542 5 3 20
a contact +1154848 +1155278 3 1 20
a contact +1154848 +1155278 1 3 20
a contact +1154848 +1155278 3 5 20
a contact +1154848 +1155278 5 3 20
a contact +1160584 +1161014 3 1 20
a contact +1160584 +1161014 1 3 20
a contact +1160584 +1161014 3 5 20
a contact +1160584 +1161014 5 3 20
a contact +1166320 +1166750 3 1 20
a contact +1166320 +1166750 1 3 20
a contact +1166320 +1166750 3 5 20
a contact +1166320 +1166750 5 3 20
a contact +1172056 +1172486 3 1 20
a contact +1172056 +1172486 1 3 20
a contact +1172056 +1172486 3 5 20
a contact +1172056 +1172486 5 3 20
a contact +1177792 +1178222 3 1 20
a contact +1177792 +1178222 1 3 20
a contact +1177792 +1178222 3 5 20
a contact +1177792 +1178222 5 3 20
a contact +1183528 +1183958 3 1 20
a contact +1183528 +1183958 1 3 20
a contact +1183528 +1183958 3 5 20
a contact +1183528 +1183958 5 3 20
a contact +1189264 +1189694 3 1 20
a contact +1189264 +1189694 1 3 20
a contact +1189264 +1189694 3 5 20
a contact +1189264 +1189694 5 3 20
a contact +1195000 +1195430 3 1 20
a contact +1195000 +1195430 1 3 20
a contact +1195000 +1195430 3 5 20
a contact +1195000 +1195430 5 3 20
a contact +3824 +4254 4 1 20
a contact +3824 +4254 1 4 20
a contact +3824 +4254 4 5 20
a contact +3824 +4254 5 4 20
a contact +9560 +9990 4 1 20
a contact +9560 +9990 1 4 20
a contact +9560 +9990 4 5 20
a contact +9560 +9990 5 4 20
a contact +15296 +15726 4 1 20
a contact +15296 +15726 1 4 20
a contact +15296 +15726 4 5 20
a contact +15296 +15726 5 4 20
a contact +21032 +21462 4 1 20
a contact +21032 +21462 1 4 20
a contact +21032 +21462 4 5 20
a contact +21032 +21462 5 4 20
a contact +26768 +27198 4 1 20
a contact +26768 +27198 1 4 20
a contact +26768 +27198 4 5 20
a contact +26768 +27198 5 4 20
a contact +32504 +32934 4 1 20
a contact +32504 +32934 1 4 20
a contact +32504 +32934 4 5 20
a contact +32504 +32934 5 4 20
a contact +38240 +38670 4 1 20
a contact +38240 +38670 1 4 20
a contact +38240 +38670 4 5 20
a contact +38240 +38670 5 4 20
a contact +43976 +44406 4 1 20
a contact +43976 +44406 1 4 20
a contact +43976 +44406 4 5 20
a contact +43976 +44406 5 4 20
a contact +49712 +50142 4 1 20
a contact +49712 +50142 1 4 20
a contact +49712 +50142 4 5 20
a contact +49712 +50142 5 4 20
a contact +55448 +55878 4 1 20
a contact +55448 +55878 1 4 20
a contact +55448 +55878 4 5 20
a contact +55448 +55878 5 4 20
a contact +61184 +61614 4 1 20
a contact +61184 +61614 1 4 20
a contact +61184 +61614 4 5 20
a contact +61184 +61614 5 4 20
a contact +66920 +67350 4 1 20
a contact +66920 +67350 1 4 20
a contact +66920 +67350 4 5 20
a contact +66920 +67350 5 4 20
a contact +72656 +73086 4 1 20
a contact +72656 +73086 1 4 20
a contact +72656 +73086 4 5 20
a contact +72656 +73086 5 4 20
a contact +78392 +78822 4 1 20
a contact +78392 +78822 1 4 20
a contact +78392 +78822 4 5 20
a contact +78392 +78822 5 4 20
a contact +84128 +84558 4 1 20
a contact +84128 +84558 1 4 20
a contact +84128 +84558 4 5 20
a contact +84128 +84558 5 4 20
a contact +89864 +90294 4 1 20
a contact +89864 +90294 1 4 20
a contact +89864 +90294 4 5 20
a contact +89864 +90294 5 4 20
a contact +95600 +96030 4 1 20
a contact +95600 +96030 1 4 20
a contact +95600 +96030 4 5 20
a contact +95600 +96030 5 4 20
a contact +101336 +101766 4 1 20
a contact +101336 +101766 1 4 20
a contact +101336 +101766 4 5 20
a contact +101336 +101766 5 4 20
a contact +107072 +107502 4 1 20
a contact +107072 +107502 1 4 20
a contact +107072 +107502 4 5 20
a contact +107072 +107502 5 4 20
a contact +112808 +113238 4 1 20
a contact +112808 +113238 1 4 20
a contact +112808 +113238 4 5 20
a contact +112808 +113238 5 4 20
a contact +118544 +118974 4 1 20
a contact +118544 +118974 1 4 20
a contact +118544 +118974 4 5 20
a contact +118544 +118974 5 4 20
a contact +124280 +124710 4 1 20
a contact +124280 +124710 1 4 20
a contact +124280 +124710 4 5 20
a contact +124280 +124710 5 4 20
a contact +130016 +130446 4 1 20
a contact +130016 +130446 1 4 20
a contact +130016 +130446 4 5 20
a contact +130016 +130446 5 4 20
a contact +135752 +136182 4 1 20
a contact +135752 +136182 1 4 20
a contact +135752 +136182 4 5 20
a contact +135752 +136182 5 4 20
a contact +141488 +141918 4 1 20
a contact +141488 +141918 1 4 20
a contact +141488 +141918 4 5 20
a contact +141488 +141918 5 4 20
a contact +147224 +147654 4 1 20
a contact +147224 +147654 1 4 20
a contact +147224 +147654 4 5 20
a contact +147224 +147654 5 4 20
a contact +152960 +153390 4 1 20
a contact +152960 +153390 1 4 20
a contact +152960 +153390 4 5 20
a contact +152960 +153390 5 4 20
a contact +158696 +159126 4 1 20
a contact +158696 +159126 1 4 20
a contact +158696 +159126 4 5 20
a contact +158696 +159126 5 4 20
a contact +164432 +164862 4 1 20
a contact +164432 +164862 1 4 20
a contact +164432 +164862 4 5 20
a contact +164432 +164862 5 4 20
a contact +170168 +170598 4 1 20
a contact +170168 +170598 1 4 20
a contact +170168 +170598 4 5 20
a contact +170168 +170598 5 4 20
a contact +175904 +176334 4 1 20
a contact +175904 +176334 1 4 20
a contact +175904 +176334 4 5 20
a contact +175904 +176334 5 4 20
a contact +181640 +182070 4 1 20
a contact +181640 +182070 1 4 20
a contact +181640 +182070 4 5 20
a contact +181640 +182070 5 4 20
a contact +187376 +187806 4 1 20
a contact +187376 +187806 1 4 20
a contact +187376 +187806 4 5 20
a contact +187376 +187806 5 4 20
a contact +193112 +193542 4 1 20
a contact +193112 +193542 1 4 20
a contact +193112 +193542 4 5 20
a contact +193112 +193542 5 4 20
a contact +198848 +199278 4 1 20
a contact +198848 +199278 1 4 20
a contact +198848 +199278 4 5 20
a contact +198848 +199278 5 4 20
a contact +204584 +205014 4 1 20
a contact +204584 +205014 1 4 20
a contact +204584 +205014 4 5 20
a contact +204584 +205014 5 4 20
a contact +210320 +210750 4 1 20
a contact +210320 +210750 1 4 20
a contact +210320 +210750 4 5 20
a contact +210320 +210750 5 4 20
a contact +216056 +216486 4 1 20
a contact +216056 +216486 1 4 20
a contact +216056 +216486 4 5 20
a contact +216056 +216486 5 4 20
a contact +221792 +222222 4 1 20
a contact +221792 +222222 1 4 20
a contact +221792 +222222 4 5 20
a contact +221792 +222222 5 4 20
a contact +227528 +227958 4 1 20
a contact +227528 +227958 1 4 20
a contact +227528 +227958 4 5 20
a contact +227528 +227958 5 4 20
a contact +233264 +233694 4 1 20
a contact +233264 +233694 1 4 20
a contact +233264 +233694 4 5 20
a contact +233264 +233694 5 4 20
a contact +239000 +239430 4 1 20
a contact +239000 +239430 1 4 20
a contact +239000 +239430 4 5 20
a contact +239000 +239430 5 4 20
a contact +244736 +245166 4 1 20
a contact +244736 +245166 1 4 20
a contact +244736 +245166 4 5 20
a contact +244736 +245166 5 4 20
a contact +250472 +250902 4 1 20
a contact +250472 +250902 1 4 20
a contact +250472 +250902 4 5 20
a contact +250472 +250902 5 4 20
a contact +256208 +256638 4 1 20
a contact +256208 +256638 1 4 20
a contact +256208 +256638 4 5 20
a contact +256208 +256638 5 4 20
a contact +261944 +262374 4 1 20
a contact +261944 +262374 1 4 20
a contact +261944 +262374 4 5 20
a contact +261944 +262374 5 4 20
a contact +267680 +268110 4 1 20
a contact +267680 +268110 1 4 20
a contact +267680 +268110 4 5 20
a contact +267680 +268110 5 4 20
a contact +273416 +273846 4 1 20
a contact +273416 +273846 1 4 20
a contact +273416 +273846 4 5 20
a contact +273416 +273846 5 4 20
a contact +279152 +279582 4 1 20
a contact +279152 +279582 1 4 20
a contact +279152 +279582 4 5 20
a contact +279152 +279582 5 4 20
a contact +284888 +285318 4 1 20
a contact +284888 +285318 1 4 20
a contact +284888 +285318 4 5 20
a contact +284888 +285318 5 4 20
a contact +290624 +291054 4 1 20
a contact +290624 +291054 1 4 20
a contact +290624 +291054 4 5 20
a contact +290624 +291054 5 4 20
a contact +296360 +296790 4 1 20
a contact +296360 +296790 1 4 20
a contact +296360 +296790 4 5 20
a contact +296360 +296790 5 4 20
a contact +302096 +302526 4 1 20
a contact +302096 +302526 1 4 20
a contact +302096 +302526 4 5 20
a contact +302096 +302526 5 4 20
a contact +307832 +308262 4 1 20
a contact +307832 +308262 1 4 20
a contact +307832 +308262 4 5 20
a contact +307832 +308262 5 4 20
a contact +313568 +313998 4 1 20
a contact +313568 +313998 1 4 20
a contact +313568 +313998 4 5 20
a contact +313568 +313998 5 4 20
a contact +319304 +319734 4 1 20
a contact +319304 +319734 1 4 20
a contact +319304 +319734 4 5 20
a contact +319304 +319734 5 4 20
a contact +325040 +325470 4 1 20
a contact +325040 +325470 1 4 20
a contact +325040 +325470 4 5 20
a contact +325040 +325470 5 4 20
a contact +330776 +331206 4 1 20
a contact +330776 +331206 1 4 20
a contact +330776 +331206 4 5 20
a contact +330776 +331206 5 4 20
a contact +336512 +336942 4 1 20
a contact +336512 +336942 1 4 20
a contact +336512 +336942 4 5 20
a contact +336512 +336942 5 4 20
a contact +342248 +342678 4 1 20
a contact +342248 +342678 1 4 20
a contact +342248 +342678 4 5 20
a contact +342248 +342678 5 4 20
a contact +347984 +348414 4 1 20
a contact +347984 +348414 1 4 20
a contact +347984 +348414 4 5 20
a contact +347984 +348414 5 4 20
a contact +353720 +354150 4 1 20
a contact +353720 +354150 1 4 20
a contact +353720 +354150 4 5 20
a contact +353720 +354150 5 4 20
a contact +359456 +359886 4 1 20
a contact +359456 +359886 1 4 20
a contact +359456 +359886 4 5 20
a contact +359456 +359886 5 4 20
a contact +365192 +365622 4 1 20
a contact +365192 +365622 1 4 20
a contact +365192 +365622 4 5 20
a contact +365192 +365622 5 4 20
a contact +370928 +371358 4 1 20
a contact +370928 +371358 1 4 20
a contact +370928 +371358 4 5 20
a contact +370928 +371358 5 4 20
a contact +376664 +377094 4 1 20
a contact +376664 +377094 1 4 20
a contact +376664 +377094 4 5 20
a contact +376664 +377094 5 4 20
a contact +382400 +382830 4 1 20
a contact +382400 +382830 1 4 20
a contact +382400 +382830 4 5 20
a contact +382400 +382830 5 4 20
a contact +388136 +388566 4 1 20
a contact +388136 +388566 1 4 20
a contact +388136 +388566 4 5 20
a contact +388136 +388566 5 4 20
a contact +393872 +394302 4 1 20
a contact +393872 +394302 1 4 20
a contact +393872 +394302 4 5 20
a contact +393872 +394302 5 4 20
a contact +399608 +400038 4 1 20
a contact +399608 +400038 1 4 20
a contact +399608 +400038 4 5 20
a contact +399608 +400038 5 4 20
a contact +405344 +405774 4 1 20
a contact +405344 +405774 1 4 20
a contact +405344 +405774 4 5 20
a contact +405344 +405774 5 4 20
a contact +411080 +411510 4 1 20
a contact +411080 +411510 1 4 20
a contact +411080 +411510 4 5 20
a contact +411080 +411510 5 4 20
a contact +416816 +417246 4 1 20
a contact +416816 +417246 1 4 20
a contact +416816 +417246 4 5 20
a contact +416816 +417246 5 4 20
a contact +422552 +422982 4 1 20
a contact +422552 +422982 1 4 20
a contact +422552 +422982 4 5 20
a contact +422552 +422982 5 4 20
a contact +428288 +428718 4 1 20
a contact +428288 +428718 1 4 20
a contact +428288 +428718 4 5 20
a contact +428288 +428718 5 4 20
a contact +434024 +434454 4 1 20
a contact +434024 +434454 1 4 20
a contact +434024 +434454 4 5 20
a contact +434024 +434454 5 4 20
a contact +439760 +440190 4 1 20
a contact +439760 +440190 1 4 20
a contact +439760 +440190 4 5 20
a contact +439760 +440190 5 4 20
a contact +445496 +445926 4 1 20
a contact +445496 +445926 1 4 20
a contact +445496 +445926 4 5 20
a contact +445496 +445926 5 4 20
a contact +451232 +451662 4 1 20
a contact +451232 +451662 1 4 20
a contact +451232 +451662 4 5 20
a contact +451232 +451662 5 4 20
a contact +456968 +457398 4 1 20
a contact +456968 +457398 1 4 20
a contact +456968 +457398 4 5 20
a contact +456968 +457398 5 4 20
a contact +462704 +463134 4 1 20
a contact +462704 +463134 1 4 20
a contact +462704 +463134 4 5 20
a contact +462704 +463134 5 4 20
a contact +468440 +468870 4 1 20
a contact +468440 +468870 1 4 20
a contact +468440 +468870 4 5 20
a contact +468440 +468870 5 4 20
a contact +474176 +474606 4 1 20
a contact +474176 +474606 1 4 20
a contact +474176 +474606 4 5 20
a contact +474176 +474606 5 4 20
a contact +479912 +480342 4 1 20
a contact +479912 +480342 1 4 20
a contact +479912 +480342 4 5 20
a contact +479912 +480342 5 4 20
a contact +485648 +486078 4 1 20
a contact +485648 +486078 1 4 20
a contact +485648 +486078 4 5 20
a contact +485648 +486078 5 4 20
a contact +491384 +491814 4 1 20
a contact +491384 +491814 1 4 20
a contact +491384 +491814 4 5 20
a contact +491384 +491814 5 4 20
a contact +497120 +497550 4 1 20
a contact +497120 +497550 1 4 20
a contact +497120 +497550 4 5 20
a contact +497120 +497550 5 4 20
a contact +502856 +503286 4 1 20
a contact +502856 +503286 1 4 20
a contact +502856 +503286 4 5 20
a contact +502856 +503286 5 4 20
a contact +508592 +509022 4 1 20
a contact +508592 +509022 1 4 20
a contact +508592 +509022 4 5 20
a contact +508592 +509022 5 4 20
a contact +514328 +514758 4 1 20
a contact +514328 +514758 1 4 20
a contact +514328 +514758 4 5 20
a contact +514328 +514758 5 4 20
a contact +520064 +520494 4 1 20
a contact +520064 +520494 1 4 20
a contact +520064 +520494 4 5 20
a contact +520064 +520494 5 4 20
a contact +525800 +526230 4 1 20
a contact +525800 +526230 1 4 20
a contact +525800 +526230 4 5 20
a contact +525800 +526230 5 4 20
a contact +531536 +531966 4 1 20
a contact +531536 +531966 1 4 20
a contact +531536 +531966 4 5 20
a contact +531536 +531966 5 4 20
a contact +537272 +537702 4 1 20
a contact +537272 +537702 1 4 20
a contact +537272 +537702 4 5 20
a contact +537272 +537702 5 4 20
a contact +543008 +543438 4 1 20
a contact +543008 +543438 1 4 20
a contact +543008 +543438 4 5 20
a contact +543008 +543438 5 4 20
a contact +548744 +549174 4 1 20
a contact +548744 +549174 1 4 20
a contact +548744 +549174 4 5 20
a contact +548744 +549174 5 4 20
a contact +554480 +554910 4 1 20
a contact +554480 +554910 1 4 20
a contact +554480 +554910 4 5 20
a contact +554480 +554910 5 4 20
a contact +560216 +560646 4 1 20
a contact +560216 +560646 1 4 20
a contact +560216 +560646 4 5 20
a contact +560216 +560646 5 4 20
a contact +565952 +566382 4 1 20
a contact +565952 +566382 1 4 20
a contact +565952 +566382 4 5 20
a contact +565952 +566382 5 4 20
a contact +571688 +572118 4 1 20
a contact +571688 +572118 1 4 20
a contact +571688 +572118 4 5 20
a contact +571688 +572118 5 4 20
a contact +577424 +577854 4 1 20
a contact +577424 +577854 1 4 20
a contact +577424 +577854 4 5 20
a contact +577424 +577854 5 4 20
a contact +583160 +583590 4 1 20
a contact +583160 +583590 1 4 20
a contact +583160 +583590 4 5 20
a contact +583160 +583590 5 4 20
a contact +588896 +589326 4 1 20
a contact +588896 +589326 1 4 20
a contact +588896 +589326 4 5 20
a contact +588896 +589326 5 4 20
a contact +594632 +595062 4 1 20
a contact +594632 +595062 1 4 20
a contact +594632 +595062 4 5 20
a contact +594632 +595062 5 4 20
a contact +600368 +600798 4 1 20
a contact +600368 +600798 1 4 20
a contact +600368 +600798 4 5 20
a contact +600368 +600798 5 4 20
a contact +606104 +606534 4 1 20
a contact +606104 +606534 1 4 20
a contact +606104 +606534 4 5 20
a contact +606104 +606534 5 4 20
a contact +611840 +612270 4 1 20
a contact +611840 +612270 1 4 20
a contact +611840 +612270 4 5 20
a contact +611840 +612270 5 4 20
a contact +617576 +618006 4 1 20
a contact +617576 +618006 1 4 20
a contact +617576 +618006 4 5 20
a contact +617576 +618006 5 4 20
a contact +623312 +623742 4 1 20
a contact +623312 +623742 1 4 20
a contact +623312 +623742 4 5 20
a contact +623312 +623742 5 4 20
a contact +629048 +629478 4 1 20
a contact +629048 +629478 1 4 20
a contact +629048 +629478 4 5 20
a contact +629048 +629478 5 4 20
a contact +634784 +635214 4 1 20
a contact +634784 +635214 1 4 20
a contact +634784 +635214 4 5 20
a contact +634784 +635214 5 4 20
a contact +640520 +640950 4 1 20
a contact +640520 +640950 1 4 20
a contact +640520 +640950 4 5 20
a contact +640520 +640950 5 4 20
a contact +646256 +646686 4 1 20
a contact +646256 +646686 1 4 20
a contact +646256 +646686 4 5 20
a contact +646256 +646686 5 4 20
a contact +651992 +652422 4 1 20
a contact +651992 +652422 1 4 20
a contact +651992 +652422 4 5 20
a contact +651992 +652422 5 4 20
a contact +657728 +658158 4 1 20
a contact +657728 +658158 1 4 20
a contact +657728 +658158 4 5 20
a contact +657728 +658158 5 4 20
a contact +663464 +663894 4 1 20
a contact +663464 +663894 1 4 20
a contact +663464 +663894 4 5 20
a contact +663464 +663894 5 4 20
a contact +669200 +669630 4 1 20
a contact +669200 +669630 1 4 20
a contact +669200 +669630 4 5 20
a contact +669200 +669630 5 4 20
a contact +674936 +675366 4 1 20
a contact +674936 +675366 1 4 20
a contact +674936 +675366 4 5 20
a contact +674936 +675366 5 4 20
a contact +680672 +681102 4 1 20
a contact +680672 +681102 1 4 20
a contact +680672 +681102 4 5 20
a contact +680672 +681102 5 4 20
a contact +686408 +686838 4 1 20
a contact +686408 +686838 1 4 20
a contact +686408 +686838 4 5 20
a contact +686408 +686838 5 4 20
a contact +692144 +692574 4 1 20
a contact +692144 +692574 1 4 20
a contact +692144 +692574 4 5 20
a contact +692144 +692574 5 4 20
a contact +697880 +698310 4 1 20
a contact +697880 +698310 1 4 20
a contact +697880 +698310 4 5 20
a contact +697880 +698310 5 4 20
a contact +703616 +704046 4 1 20
a contact +703616 +704046 1 4 20
a contact +703616 +704046 4 5 20
a contact +703616 +704046 5 4 20
a contact +709352 +709782 4 1 20
a contact +709352 +709782 1 4 20
a contact +709352 +709782 4 5 20
a contact +709352 +709782 5 4 20
a contact +715088 +715518 4 1 20
a contact +715088 +715518 1 4 20
a contact +715088 +715518 4 5 20
a contact +715088 +715518 5 4 20
a contact +720824 +721254 4 1 20
a contact +720824 +721254 1 4 20
a contact +720824 +721254 4 5 20
a contact +720824 +721254 5 4 20
a contact +726560 +726990 4 1 20
a contact +726560 +726990 1 4 20
a contact +726560 +726990 4 5 20
a contact +726560 +726990 5 4 20
a contact +732296 +732726 4 1 20
a contact +732296 +732726 1 4 20
a contact +732296 +732726 4 5 20
a contact +732296 +732726 5 4 20
a contact +738032 +738462 4 1 20
a contact +738032 +738462 1 4 20
a contact +738032 +738462 4 5 20
a contact +738032 +738462 5 4 20
a contact +743768 +744198 4 1 20
a contact +743768 +744198 1 4 20
a contact +743768 +744198 4 5 20
a contact +743768 +744198 5 4 20
a contact +749504 +749934 4 1 20
a contact +749504 +749934 1 4 20
a contact +749504 +749934 4 5 20
a contact +749504 +749934 5 4 20
a contact +755240 +755670 4 1 20
a contact +755240 +755670 1 4 20
a contact +755240 +755670 4 5 20
a contact +755240 +755670 5 4 20
a contact +760976 +761406 4 1 20
a contact +760976 +761406 1 4 20
a contact +760976 +761406 4 5 20
a contact +760976 +761406 5 4 20
a contact +766712 +767142 4 1 20
a contact +766712 +767142 1 4 20
a contact +766712 +767142 4 5 20
a contact +766712 +767142 5 4 20
a contact +772448 +772878 4 1 20
a contact +772448 +772878 1 4 20
a contact +772448 +772878 4 5 20
a contact +772448 +772878 5 4 20
a contact +778184 +778614 4 1 20
a contact +778184 +778614 1 4 20
a contact +778184 +778614 4 5 20
a contact +778184 +778614 5 4 20
a contact +783920 +784350 4 1 20
a contact +783920 +784350 1 4 20
a contact +783920 +784350 4 5 20
a contact +783920 +784350 5 4 20
a contact +789656 +790086 4 1 20
a contact +789656 +790086 1 4 20
a contact +789656 +790086 4 5 20
a contact +789656 +790086 5 4 20
a contact +795392 +795822 4 1 20
a contact +795392 +795822 1 4 20
a contact +795392 +795822 4 5 20
a contact +795392 +795822 5 4 20
a contact +801128 +801558 4 1 20
a contact +801128 +801558 1 4 20
a contact +801128 +801558 4 5 20
a contact +801128 +801558 5 4 20
a contact +806864 +807294 4 1 20
a contact +806864 +807294 1 4 20
a contact +806864 +807294 4 5 20
a contact +806864 +807294 5 4 20
a contact +812600 +813030 4 1 20
a contact +812600 +813030 1 4 20
a contact +812600 +813030 4 5 20
a contact +812600 +813030 5 4 20
a contact +818336 +818766 4 1 20
a contact +818336 +818766 1 4 20
a contact +818336 +818766 4 5 20
a contact +818336 +818766 5 4 20
a contact +824072 +824502 4 1 20
a contact +824072 +824502 1 4 20
a contact +824072 +824502 4 5 20
a contact +824072 +824502 5 4 20
a contact +829808 +830238 4 1 20
a contact +829808 +830238 1 4 20
a contact +829808 +830238 4 5 20
a contact +829808 +830238 5 4 20
a contact +835544 +835974 4 1 20
a contact +835544 +835974 1 4 20
a contact +835544 +835974 4 5 20
a contact +835544 +835974 5 4 20
a contact +841280 +841710 4 1 20
a contact +841280 +841710 1 4 20
a contact +841280 +841710 4 5 20
a contact +841280 +841710 5 4 20
a contact +847016 +847446 4 1 20
a contact +847016 +847446 1 4 20
a contact +847016 +847446 4 5 20
a contact +847016 +847446 5 4 20
a contact +852752 +853182 4 1 20
a contact +852752 +853182 1 4 20
a contact +852752 +853182 4 5 20
a contact +852752 +853182 5 4 20
a contact +858488 +858918 4 1 20
a contact +858488 +858918 1 4 20
a contact +858488 +858918 4 5 20
a contact +858488 +858918 5 4 20
a contact +864224 +864654 4 1 20
a contact +864224 +864654 1 4 20
a contact +864224 +864654 4 5 20
a contact +864224 +864654 5 4 20
a contact +869960 +870390 4 1 20
a contact +869960 +870390 1 4 20
a contact +869960 +870390 4 5 20
a contact +869960 +870390 5 4 20
a contact +875696 +876126 4 1 20
a contact +875696 +876126 1 4 20
a contact +875696 +876126 4 5 20
a contact +875696 +876126 5 4 20
a contact +881432 +881862 4 1 20
a contact +881432 +881862 1 4 20
a contact +881432 +881862 4 5 20
a contact +881432 +881862 5 4 20
a contact +887168 +887598 4 1 20
a contact +887168 +887598 1 4 20
a contact +887168 +887598 4 5 20
a contact +887168 +887598 5 4 20
a contact +892904 +893334 4 1 20
a contact +892904 +893334 1 4 20
a contact +892904 +893334 4 5 20
a contact +892904 +893334 5 4 20
a contact +898640 +899070 4 1 20
a contact +898640 +899070 1 4 20
a contact +898640 +899070 4 5 20
a contact +898640 +899070 5 4 20
a contact +904376 +904806 4 1 20
a contact +904376 +904806 1 4 20
a contact +904376 +904806 4 5 20
a contact +904376 +904806 5 4 20
a contact +910112 +910542 4 1 20
a contact +910112 +910542 1 4 20
a contact +910112 +910542 4 5 20
a contact +910112 +910542 5 4 20
a contact +915848 +916278 4 1 20
a contact +915848 +916278 1 4 20
a contact +915848 +916278 4 5 20
a contact +915848 +916278 5 4 20
a contact +921584 +922014 4 1 20
a contact +921584 +922014 1 4 20
a contact +921584 +922014 4 5 20
a contact +921584 +922014 5 4 20
a contact +927320 +927750 4 1 20
a contact +927320 +927750 1 4 20
a contact +927320 +927750 4 5 20
a contact +927320 +927750 5 4 20
a contact +933056 +933486 4 1 20
a contact +933056 +933486 1 4 20
a contact +933056 +933486 4 5 20
a contact +933056 +933486 5 4 20
a contact +938792 +939222 4 1 20
a contact +938792 +939222 1 4 20
a contact +938792 +939222 4 5 20
a contact +938792 +939222 5 4 20
a contact +944528 +944958 4 1 20
a contact +944528 +944958 1 4 20
a contact +944528 +944958 4 5 20
a contact +944528 +944958 5 4 20
a contact +950264 +950694 4 1 20
a contact +950264 +950694 1 4 20
a contact +950264 +950694 4 5 20
a contact +950264 +950694 5 4 20
a contact +956000 +956430 4 1 20
a contact +956000 +956430 1 4 20
a contact +956000 +956430 4 5 20
a contact +956000 +956430 5 4 20
a contact +961736 +962166 4 1 20
a contact +961736 +962166 1 4 20
a contact +961736 +962166 4 5 20
a contact +961736 +962166 5 4 20
a contact +967472 +967902 4 1 20
a contact +967472 +967902 1 4 20
a contact +967472 +967902 4 5 20
a contact +967472 +967902 5 4 20
a contact +973208 +973638 4 1 20
a contact +973208 +973638 1 4 20
a contact +973208 +973638 4 5 20
a contact +973208 +973638 5 4 20
a contact +978944 +979374 4 1 20
a contact +978944 +979374 1 4 20
a contact +978944 +979374 4 5 20
a contact +978944 +979374 5 4 20
a contact +984680 +985110 4 1 20
a contact +984680 +985110 1 4 20
a contact +984680 +985110 4 5 20
a contact +984680 +985110 5 4 20
a contact +990416 +990846 4 1 20
a contact +990416 +990846 1 4 20
a contact +990416 +990846 4 5 20
a contact +990416 +990846 5 4 20
a contact +996152 +996582 4 1 20
a contact +996152 +996582 1 4 20
a contact +996152 +996582 4 5 20
a contact +996152 +996582 5 4 20
a contact +1001888 +1002318 4 1 20
a contact +1001888 +1002318 1 4 20
a contact +1001888 +1002318 4 5 20
a contact +1001888 +1002318 5 4 20
a contact +1007624 +1008054 4 1 20
a contact +1007624 +1008054 1 4 20
a contact +1007624 +1008054 4 5 20
a contact +1007624 +1008054 5 4 20
a contact +1013360 +1013790 4 1 20
a contact +1013360 +1013790 1 4 20
a contact +1013360 +1013790 4 5 20
a contact +1013360 +1013790 5 4 20
a contact +1019096 +1019526 4 1 20
a contact +1019096 +1019526 1 4 20
a contact +1019096 +1019526 4 5 20
a contact +1019096 +1019526 5 4 20
a contact +1024832 +1025262 4 1 20
a contact +1024832 +1025262 1 4 20
a contact +1024832 +1025262 4 5 20
a contact +1024832 +1025262 5 4 20
a contact +1030568 +1030998 4 1 20
a contact +1030568 +1030998 1 4 20
a contact +1030568 +1030998 4 5 20
a contact +1030568 +1030998 5 4 20
a contact +1036304 +1036734 4 1 20
a contact +1036304 +1036734 1 4 20
a contact +1036304 +1036734 4 5 20
a contact +1036304 +1036734 5 4 20
a contact +1042040 +1042470 4 1 20
a contact +1042040 +1042470 1 4 20
a contact +1042040 +1042470 4 5 20
a contact +1042040 +1042470 5 4 20
a contact +1047776 +1048206 4 1 20
a contact +1047776 +1048206 1 4 20
a contact +1047776 +1048206 4 5 20
a contact +1047776 +1048206 5 4 20
a contact +1053512 +1053942 4 1 20
a contact +1053512 +1053942 1 4 20
a contact +1053512 +1053942 4 5 20
a contact +1053512 +1053942 5 4 20
a contact +1059248 +1059678 4 1 20
a contact +1059248 +1059678 1 4 20
a contact +1059248 +1059678 4 5 20
a contact +1059248 +1059678 5 4 20
a contact +1064984 +1065414 4 1 20
a contact +1064984 +1065414 1 4 20
a contact +1064984 +1065414 4 5 20
a contact +1064984 +1065414 5 4 20
a contact +1070720 +1071150 4 1 20
a contact +1070720 +1071150 1 4 20
a contact +1070720 +1071150 4 5 20
a contact +1070720 +1071150 5 4 20
a contact +1076456 +1076886 4 1 20
a contact +1076456 +1076886 1 4 20
a contact +1076456 +1076886 4 5 20
a contact +1076456 +1076886 5 4 20
a contact +1082192 +1082622 4 1 20
a contact +1082192 +1082622 1 4 20
a contact +1082192 +1082622 4 5 20
a contact +1082192 +1082622 5 4 20
a contact +1087928 +1088358 4 1 20
a contact +1087928 +1088358 1 4 20
a contact +1087928 +1088358 4 5 20
a contact +1087928 +1088358 5 4 20
a contact +1093664 +1094094 4 1 20
a contact +1093664 +1094094 1 4 20
a contact +1093664 +1094094 4 5 20
a contact +1093664 +1094094 5 4 20
a contact +1099400 +1099830 4 1 20
a contact +1099400 +1099830 1 4 20
a contact +1099400 +1099830 4 5 20
a contact +1099400 +1099830 5 4 20
a contact +1105136 +1105566 4 1 20
a contact +1105136 +1105566 1 4 20
a contact +1105136 +1105566 4 5 20
a contact +1105136 +1105566 5 4 20
a contact +1110872 +1111302 4 1 20
a contact +1110872 +1111302 1 4 20
a contact +1110872 +1111302 4 5 20
a contact +1110872 +1111302 5 4 20
a contact +1116608 +1117038 4 1 20
a contact +1116608 +1117038 1 4 20
a contact +1116608 +1117038 4 5 20
a contact +1116608 +1117038 5 4 20
a contact +1122344 +1122774 4 1 20
a contact +1122344 +1122774 1 4 20
a contact +1122344 +1122774 4 5 20
a contact +1122344 +1122774 5 4 20
a contact +1128080 +1128510 4 1 20
a contact +1128080 +1128510 1 4 20
a contact +1128080 +1128510 4 5 20
a contact +1128080 +1128510 5 4 20
a contact +1133816 +1134246 4 1 20
a contact +1133816 +1134246 1 4 20
a contact +1133816 +1134246 4 5 20
a contact +1133816 +1134246 5 4 20
a contact +1139552 +1139982 4 1 20
a contact +1139552 +1139982 1 4 20
a contact +1139552 +1139982 4 5 20
a contact +1139552 +1139982 5 4 20
a contact +1145288 +1145718 4 1 20
a contact +1145288 +1145718 1 4 20
a contact +1145288 +1145718 4 5 20
a contact +1145288 +1145718 5 4 20
a contact +1151024 +1151454 4 1 20
a contact +1151024 +1151454 1 4 20
a contact +1151024 +1151454 4 5 20
a contact +1151024 +1151454 5 4 20
a contact +1156760 +1157190 4 1 20
a contact +1156760 +1157190 1 4 20
a contact +1156760 +1157190 4 5 20
a contact +1156760 +1157190 5 4 20
a contact +1162496 +1162926 4 1 20
a contact +1162496 +1162926 1 4 20
a contact +1162496 +1162926 4 5 20
a contact +1162496 +1162926 5 4 20
a contact +1168232 +1168662 4 1 20
a contact +1168232 +1168662 1 4 20
a contact +1168232 +1168662 4 5 20
a contact +1168232 +1168662 5 4 20
a contact +1173968 +1174398 4 1 20
a contact +1173968 +1174398 1 4 20
a contact +1173968 +1174398 4 5 20
a contact +1173968 +1174398 5 4 20
a contact +1179704 +1180134 4 1 20
a contact +1179704 +1180134 1 4 20
a contact +1179704 +1180134 4 5 20
a contact +1179704 +1180134 5 4 20
a contact +1185440 +1185870 4 1 20
a contact +1185440 +1185870 1 4 20
a contact +1185440 +1185870 4 5 20
a contact +1185440 +1185870 5 4 20
a contact +1191176 +1191606 4 1 20
a contact +1191176 +1191606 1 4 20
a contact +1191176 +1191606 4 5 20
a contact +1191176 +1191606 5 4 20
a contact +1196912 +1197342 4 1 20
a contact +1196912 +1197342 1 4 20
a contact +1196912 +1197342 4 5 20
a contact +1196912 +1197342 5 4 20
