m horizon +1200000
a contact +0 +430 2 1 153
a contact +0 +430 1 2 153
a contact +0 +430 2 5 153
a contact +0 +430 5 2 153
a contact +5736 +6166 2 1 153
a contact +5736 +6166 1 2 153
a contact +5736 +6166 2 5 153
a contact +5736 +6166 5 2 153
a contact +11472 +11902 2 1 153
a contact +11472 +11902 1 2 153
a contact +11472 +11902 2 5 153
a contact +11472 +11902 5 2 153
a contact +17208 +17638 2 1 153
a contact +17208 +17638 1 2 153
a contact +17208 +17638 2 5 153
a contact +17208 +17638 5 2 153
a contact +22944 +23374 2 1 153
a contact +22944 +23374 1 2 153
a contact +22944 +23374 2 5 153
a contact +22944 +23374 5 2 153
a contact +28680 +29110 2 1 153
a contact +28680 +29110 1 2 153
a contact +28680 +29110 2 5 153
a contact +28680 +29110 5 2 153
a contact +34416 +34846 2 1 153
a contact +34416 +34846 1 2 153
a contact +34416 +34846 2 5 153
a contact +34416 +34846 5 2 153
a contact +40152 +40582 2 1 153
a contact +40152 +40582 1 2 153
a contact +40152 +40582 2 5 153
a contact +40152 +40582 5 2 153
a contact +45888 +46318 2 1 153
a contact +45888 +46318 1 2 153
a contact +45888 +46318 2 5 153
a contact +45888 +46318 5 2 153
a contact +51624 +52054 2 1 153
a contact +51624 +52054 1 2 153
a contact +51624 +52054 2 5 153
a contact +51624 +52054 5 2 153
a contact +57360 +57790 2 1 153
a contact +57360 +57790 1 2 153
a contact +57360 +57790 2 5 153
a contact +57360 +57790 5 2 153
a contact +63096 +63526 2 1 153
a contact +63096 +63526 1 2 153
a contact +63096 +63526 2 5 153
a contact +63096 +63526 5 2 153
a contact +68832 +69262 2 1 153
a contact +68832 +69262 1 2 153
a contact +68832 +69262 2 5 153
a contact +68832 +69262 5 2 153
a contact +74568 +74998 2 1 153
a contact +74568 +74998 1 2 153
a contact +74568 +74998 2 5 153
a contact +74568 +74998 5 2 153
a contact +80304 +80734 2 1 153
a contact +80304 +80734 1 2 153
a contact +80304 +80734 2 5 153
a contact +80304 +80734 5 2 153
a contact +86040 +86470 2 1 153
a contact +86040 +86470 1 2 153
a contact +86040 +86470 2 5 153
a contact +86040 +86470 5 2 153
a contact +91776 +92206 2 1 153
a contact +91776 +92206 1 2 153
a contact +91776 +92206 2 5 153
a contact +91776 +92206 5 2 153
a contact +97512 +97942 2 1 153
a contact +97512 +97942 1 2 153
a contact +97512 +97942 2 5 153
a contact +97512 +97942 5 2 153
a contact +103248 +103678 2 1 153
a contact +103248 +103678 1 2 153
a contact +103248 +103678 2 5 153
a contact +103248 +103678 5 2 153
a contact +108984 +109414 2 1 153
a contact +108984 +109414 1 2 153
a contact +108984 +109414 2 5 153
a contact +108984 +109414 5 2 153
a contact +114720 +115150 2 1 153
a contact +114720 +115150 1 2 153
a contact +114720 +115150 2 5 153
a contact +114720 +115150 5 2 153
a contact +120456 +120886 2 1 153
a contact +120456 +120886 1 2 153
a contact +120456 +120886 2 5 153
a contact +120456 +120886 5 2 153
a contact +126192 +126622 2 1 153
a contact +126192 +126622 1 2 153
a contact +126192 +126622 2 5 153
a contact +126192 +126622 5 2 153
a contact +131928 +132358 2 1 153
a contact +131928 +132358 1 2 153
a contact +131928 +132358 2 5 153
a contact +131928 +132358 5 2 153
a contact +137664 +138094 2 1 153
a contact +137664 +138094 1 2 153
a contact +137664 +138094 2 5 153
a contact +137664 +138094 5 2 153
a contact +143400 +143830 2 1 153
a contact +143400 +143830 1 2 153
a contact +143400 +143830 2 5 153
a contact +143400 +143830 5 2 153
a contact +149136 +149566 2 1 153
a contact +149136 +149566 1 2 153
a contact +149136 +149566 2 5 153
a contact +149136 +149566 5 2 153
a contact +154872 +155302 2 1 153
a contact +154872 +155302 1 2 153
a contact +154872 +155302 2 5 153
a contact +154872 +155302 5 2 153
a contact +160608 +161038 2 1 153
a contact +160608 +161038 1 2 153
a contact +160608 +161038 2 5 153
a contact +160608 +161038 5 2 153
a contact +166344 +166774 2 1 153
a contact +166344 +166774 1 2 153
a contact +166344 +166774 2 5 153
a contact +166344 +166774 5 2 153
a contact +172080 +172510 2 1 153
a contact +172080 +172510 1 2 153
a contact +172080 +172510 2 5 153
a contact +172080 +172510 5 2 153
a contact +177816 +178246 2 1 153
a contact +177816 +178246 1 2 153
a contact +177816 +178246 2 5 153
a contact +177816 +178246 5 2 153
a contact +183552 +183982 2 1 153
a contact +183552 +183982 1 2 153
a contact +183552 +183982 2 5 153
a contact +183552 +183982 5 2 153
a contact +189288 +189718 2 1 153
a contact +189288 +189718 1 2 153
a contact +189288 +189718 2 5 153
a contact +189288 +189718 5 2 153
a contact +195024 +195454 2 1 153
a contact +195024 +195454 1 2 153
a contact +195024 +195454 2 5 153
a contact +195024 +195454 5 2 153
a contact +200760 +201190 2 1 153
a contact +200760 +201190 1 2 153
a contact +200760 +201190 2 5 153
a contact +200760 +201190 5 2 153
a contact +206496 +206926 2 1 153
a contact +206496 +206926 1 2 153
a contact +206496 +206926 2 5 153
a contact +206496 +206926 5 2 153
a contact +212232 +212662 2 1 153
a contact +212232 +212662 1 2 153
a contact +212232 +212662 2 5 153
a contact +212232 +212662 5 2 153
a contact +217968 +218398 2 1 153
a contact +217968 +218398 1 2 153
a contact +217968 +218398 2 5 153
a contact +217968 +218398 5 2 153
a contact +223704 +224134 2 1 153
a contact +223704 +224134 1 2 153
a contact +223704 +224134 2 5 153
a contact +223704 +224134 5 2 153
a contact +229440 +229870 2 1 153
a contact +229440 +229870 1 2 153
a contact +229440 +229870 2 5 153
a contact +229440 +229870 5 2 153
a contact +235176 +235606 2 1 153
a contact +235176 +235606 1 2 153
a contact +235176 +235606 2 5 153
a contact +235176 +235606 5 2 153
a contact +240912 +241342 2 1 153
a contact +240912 +241342 1 2 153
a contact +240912 +241342 2 5 153
a contact +240912 +241342 5 2 153
a contact +246648 +247078 2 1 153
a contact +246648 +247078 1 2 153
a contact +246648 +247078 2 5 153
a contact +246648 +247078 5 2 153
a contact +252384 +252814 2 1 153
a contact +252384 +252814 1 2 153
a contact +252384 +252814 2 5 153
a contact +252384 +252814 5 2 153
a contact +258120 +258550 2 1 153
a contact +258120 +258550 1 2 153
a contact +258120 +258550 2 5 153
a contact +258120 +258550 5 2 153
a contact +263856 +264286 2 1 153
a contact +263856 +264286 1 2 153
a contact +263856 +264286 2 5 153
a contact +263856 +264286 5 2 153
a contact +269592 +270022 2 1 153
a contact +269592 +270022 1 2 153
a contact +269592 +270022 2 5 153
a contact +269592 +270022 5 2 153
a contact +275328 +275758 2 1 153
a contact +275328 +275758 1 2 153
a contact +275328 +275758 2 5 153
a contact +275328 +275758 5 2 153
a contact +281064 +281494 2 1 153
a contact +281064 +281494 1 2 153
a contact +281064 +281494 2 5 153
a contact +281064 +281494 5 2 153
a contact +286800 +287230 2 1 153
a contact +286800 +287230 1 2 153
a contact +286800 +287230 2 5 153
a contact +286800 +287230 5 2 153
a contact +292536 +292966 2 1 153
a contact +292536 +292966 1 2 153
a contact +292536 +292966 2 5 153
a contact +292536 +292966 5 2 153
a contact +298272 +298702 2 1 153
a contact +298272 +298702 1 2 153
a contact +298272 +298702 2 5 153
a contact +298272 +298702 5 2 153
a contact +304008 +304438 2 1 153
a contact +304008 +304438 1 2 153
a contact +304008 +304438 2 5 153
a contact +304008 +304438 5 2 153
a contact +309744 +310174 2 1 153
a contact +309744 +310174 1 2 153
a contact +309744 +310174 2 5 153
a contact +309744 +310174 5 2 153
a contact +315480 +315910 2 1 153
a contact +315480 +315910 1 2 153
a contact +315480 +315910 2 5 153
a contact +315480 +315910 5 2 153
a contact +321216 +321646 2 1 153
a contact +321216 +321646 1 2 153
a contact +321216 +321646 2 5 153
a contact +321216 +321646 5 2 153
a contact +326952 +327382 2 1 153
a contact +326952 +327382 1 2 153
a contact +326952 +327382 2 5 153
a contact +326952 +327382 5 2 153
a contact +332688 +333118 2 1 153
a contact +332688 +333118 1 2 153
a contact +332688 +333118 2 5 153
a contact +332688 +333118 5 2 153
a contact +338424 +338854 2 1 153
a contact +338424 +338854 1 2 153
a contact +338424 +338854 2 5 153
a contact +338424 +338854 5 2 153
a contact +344160 +344590 2 1 153
a contact +344160 +344590 1 2 153
a contact +344160 +344590 2 5 153
a contact +344160 +344590 5 2 153
a contact +349896 +350326 2 1 153
a contact +349896 +350326 1 2 153
a contact +349896 +350326 2 5 153
a contact +349896 +350326 5 2 153
a contact +355632 +356062 2 1 153
a contact +355632 +356062 1 2 153
a contact +355632 +356062 2 5 153
a contact +355632 +356062 5 2 153
a contact +361368 +361798 2 1 153
a contact +361368 +361798 1 2 153
a contact +361368 +361798 2 5 153
a contact +361368 +361798 5 2 153
a contact +367104 +367534 2 1 153
a contact +367104 +367534 1 2 153
a contact +367104 +367534 2 5 153
a contact +367104 +367534 5 2 153
a contact +372840 +373270 2 1 153
a contact +372840 +373270 1 2 153
a contact +372840 +373270 2 5 153
a contact +372840 +373270 5 2 153
a contact +378576 +379006 2 1 153
a contact +378576 +379006 1 2 153
a contact +378576 +379006 2 5 153
a contact +378576 +379006 5 2 153
a contact +384312 +384742 2 1 153
a contact +384312 +384742 1 2 153
a contact +384312 +384742 2 5 153
a contact +384312 +384742 5 2 153
a contact +390048 +390478 2 1 153
a contact +390048 +390478 1 2 153
a contact +390048 +390478 2 5 153
a contact +390048 +390478 5 2 153
a contact +395784 +396214 2 1 153
a contact +395784 +396214 1 2 153
a contact +395784 +396214 2 5 153
a contact +395784 +396214 5 2 153
a contact +401520 +401950 2 1 153
a contact +401520 +401950 1 2 153
a contact +401520 +401950 2 5 153
a contact +401520 +401950 5 2 153
a contact +407256 +407686 2 1 153
a contact +407256 +407686 1 2 153
a contact +407256 +407686 2 5 153
a contact +407256 +407686 5 2 153
a contact +412992 +413422 2 1 153
a contact +412992 +413422 1 2 153
a contact +412992 +413422 2 5 153
a contact +412992 +413422 5 2 153
a contact +418728 +419158 2 1 153
a contact +418728 +419158 1 2 153
a contact +418728 +419158 2 5 153
a contact +418728 +419158 5 2 153
a contact +424464 +424894 2 1 153
a contact +424464 +424894 1 2 153
a contact +424464 +424894 2 5 153
a contact +424464 +424894 5 2 153
a contact +430200 +430630 2 1 153
a contact +430200 +430630 1 2 153
a contact +430200 +430630 2 5 153
a contact +430200 +430630 5 2 153
a contact +435936 +436366 2 1 153
a contact +435936 +436366 1 2 153
a contact +435936 +436366 2 5 153
a contact +435936 +436366 5 2 153
a contact +441672 +442102 2 1 153
a contact +441672 +442102 1 2 153
a contact +441672 +442102 2 5 153
a contact +441672 +442102 5 2 153
a contact +447408 +447838 2 1 153
a contact +447408 +447838 1 2 153
a contact +447408 +447838 2 5 153
a contact +447408 +447838 5 2 153
a contact +453144 +453574 2 1 153
a contact +453144 +453574 1 2 153
a contact +453144 +453574 2 5 153
a contact +453144 +453574 5 2 153
a contact +458880 +459310 2 1 153
a contact +458880 +459310 1 2 153
a contact +458880 +459310 2 5 153
a contact +458880 +459310 5 2 153
a contact +464616 +465046 2 1 153
a contact +464616 +465046 1 2 153
a contact +464616 +465046 2 5 153
a contact +464616 +465046 5 2 153
a contact +470352 +470782 2 1 153
a contact +470352 +470782 1 2 153
a contact +470352 +470782 2 5 153
a contact +470352 +470782 5 2 153
a contact +476088 +476518 2 1 153
a contact +476088 +476518 1 2 153
a contact +476088 +476518 2 5 153
a contact +476088 +476518 5 2 153
a contact +481824 +482254 2 1 153
a contact +481824 +482254 1 2 153
a contact +481824 +482254 2 5 153
a contact +481824 +482254 5 2 153
a contact +487560 +487990 2 1 153
a contact +487560 +487990 1 2 153
a contact +487560 +487990 2 5 153
a contact +487560 +487990 5 2 153
a contact +493296 +493726 2 1 153
a contact +493296 +493726 1 2 153
a contact +493296 +493726 2 5 153
a contact +493296 +493726 5 2 153
a contact +499032 +499462 2 1 153
a contact +499032 +499462 1 2 153
a contact +499032 +499462 2 5 153
a contact +499032 +499462 5 2 153
a contact +504768 +505198 2 1 153
a contact +504768 +505198 1 2 153
a contact +504768 +505198 2 5 153
a contact +504768 +505198 5 2 153
a contact +510504 +510934 2 1 153
a contact +510504 +510934 1 2 153
a contact +510504 +510934 2 5 153
a contact +510504 +510934 5 2 153
a contact +516240 +516670 2 1 153
a contact +516240 +516670 1 2 153
a contact +516240 +516670 2 5 153
a contact +516240 +516670 5 2 153
a contact +521976 +522406 2 1 153
a contact +521976 +522406 1 2 153
a contact +521976 +522406 2 5 153
a contact +521976 +522406 5 2 153
a contact +527712 +528142 2 1 153
a contact +527712 +528142 1 2 153
a contact +527712 +528142 2 5 153
a contact +527712 +528142 5 2 153
a contact +533448 +533878 2 1 153
a contact +533448 +533878 1 2 153
a contact +533448 +533878 2 5 153
a contact +533448 +533878 5 2 153
a contact +539184 +539614 2 1 153
a contact +539184 +539614 1 2 153
a contact +539184 +539614 2 5 153
a contact +539184 +539614 5 2 153
a contact +544920 +545350 2 1 153
a contact +544920 +545350 1 2 153
a contact +544920 +545350 2 5 153
a contact +544920 +545350 5 2 153
a contact +550656 +551086 2 1 153
a contact +550656 +551086 1 2 153
a contact +550656 +551086 2 5 153
a contact +550656 +551086 5 2 153
a contact +556392 +556822 2 1 153
a contact +556392 +556822 1 2 153
a contact +556392 +556822 2 5 153
a contact +556392 +556822 5 2 153
a contact +562128 +562558 2 1 153
a contact +562128 +562558 1 2 153
a contact +562128 +562558 2 5 153
a contact +562128 +562558 5 2 153
a contact +567864 +568294 2 1 153
a contact +567864 +568294 1 2 153
a contact +567864 +568294 2 5 153
a contact +567864 +568294 5 2 153
a contact +573600 +574030 2 1 153
a contact +573600 +574030 1 2 153
a contact +573600 +574030 2 5 153
a contact +573600 +574030 5 2 153
a contact +579336 +579766 2 1 153
a contact +579336 +579766 1 2 153
a contact +579336 +579766 2 5 153
a contact +579336 +579766 5 2 153
a contact +585072 +585502 2 1 153
a contact +585072 +585502 1 2 153
a contact +585072 +585502 2 5 153
a contact +585072 +585502 5 2 153
a contact +590808 +591238 2 1 153
a contact +590808 +591238 1 2 153
a contact +590808 +591238 2 5 153
a contact +590808 +591238 5 2 153
a contact +596544 +596974 2 1 153
a contact +596544 +596974 1 2 153
a contact +596544 +596974 2 5 153
a contact +596544 +596974 5 2 153
a contact +602280 +602710 2 1 153
a contact +602280 +602710 1 2 153
a contact +602280 +602710 2 5 153
a contact +602280 +602710 5 2 153
a contact +608016 +608446 2 1 153
a contact +608016 +608446 1 2 153
a contact +608016 +608446 2 5 153
a contact +608016 +608446 5 2 153
a contact +613752 +614182 2 1 153
a contact +613752 +614182 1 2 153
a contact +613752 +614182 2 5 153
a contact +613752 +614182 5 2 153
a contact +619488 +619918 2 1 153
a contact +619488 +619918 1 2 153
a contact +619488 +619918 2 5 153
a contact +619488 +619918 5 2 153
a contact +625224 +625654 2 1 153
a contact +625224 +625654 1 2 153
a contact +625224 +625654 2 5 153
a contact +625224 +625654 5 2 153
a contact +630960 +631390 2 1 153
a contact +630960 +631390 1 2 153
a contact +630960 +631390 2 5 153
a contact +630960 +631390 5 2 153
a contact +636696 +637126 2 1 153
a contact +636696 +637126 1 2 153
a contact +636696 +637126 2 5 153
a contact +636696 +637126 5 2 153
a contact +642432 +642862 2 1 153
a contact +642432 +642862 1 2 153
a contact +642432 +642862 2 5 153
a contact +642432 +642862 5 2 153
a contact +648168 +648598 2 1 153
a contact +648168 +648598 1 2 153
a contact +648168 +648598 2 5 153
a contact +648168 +648598 5 2 153
a contact +653904 +654334 2 1 153
a contact +653904 +654334 1 2 153
a contact +653904 +654334 2 5 153
a contact +653904 +654334 5 2 153
a contact +659640 +660070 2 1 153
a contact +659640 +660070 1 2 153
a contact +659640 +660070 2 5 153
a contact +659640 +660070 5 2 153
a contact +665376 +665806 2 1 153
a contact +665376 +665806 1 2 153
a contact +665376 +665806 2 5 153
a contact +665376 +665806 5 2 153
a contact +671112 +671542 2 1 153
a contact +671112 +671542 1 2 153
a contact +671112 +671542 2 5 153
a contact +671112 +671542 5 2 153
a contact +676848 +677278 2 1 153
a contact +676848 +677278 1 2 153
a contact +676848 +677278 2 5 153
a contact +676848 +677278 5 2 153
a contact +682584 +683014 2 1 153
a contact +682584 +683014 1 2 153
a contact +682584 +683014 2 5 153
a contact +682584 +683014 5 2 153
a contact +688320 +688750 2 1 153
a contact +688320 +688750 1 2 153
a contact +688320 +688750 2 5 153
a contact +688320 +688750 5 2 153
a contact +694056 +694486 2 1 153
a contact +694056 +694486 1 2 153
a contact +694056 +694486 2 5 153
a contact +694056 +694486 5 2 153
a contact +699792 +700222 2 1 153
a contact +699792 +700222 1 2 153
a contact +699792 +700222 2 5 153
a contact +699792 +700222 5 2 153
a contact +705528 +705958 2 1 153
a contact +705528 +705958 1 2 153
a contact +705528 +705958 2 5 153
a contact +705528 +705958 5 2 153
a contact +711264 +711694 2 1 153
a contact +711264 +711694 1 2 153
a contact +711264 +711694 2 5 153
a contact +711264 +711694 5 2 153
a contact +717000 +717430 2 1 153
a contact +717000 +717430 1 2 153
a contact +717000 +717430 2 5 153
a contact +717000 +717430 5 2 153
a contact +722736 +723166 2 1 153
a contact +722736 +723166 1 2 153
a contact +722736 +723166 2 5 153
a contact +722736 +723166 5 2 153
a contact +728472 +728902 2 1 153
a contact +728472 +728902 1 2 153
a contact +728472 +728902 2 5 153
a contact +728472 +728902 5 2 153
a contact +734208 +734638 2 1 153
a contact +734208 +734638 1 2 153
a contact +734208 +734638 2 5 153
a contact +734208 +734638 5 2 153
a contact +739944 +740374 2 1 153
a contact +739944 +740374 1 2 153
a contact +739944 +740374 2 5 153
a contact +739944 +740374 5 2 153
a contact +745680 +746110 2 1 153
a contact +745680 +746110 1 2 153
a contact +745680 +746110 2 5 153
a contact +745680 +746110 5 2 153
a contact +751416 +751846 2 1 153
a contact +751416 +751846 1 2 153
a contact +751416 +751846 2 5 153
a contact +751416 +751846 5 2 153
a contact +757152 +757582 2 1 153
a contact +757152 +757582 1 2 153
a contact +757152 +757582 2 5 153
a contact +757152 +757582 5 2 153
a contact +762888 +763318 2 1 153
a contact +762888 +763318 1 2 153
a contact +762888 +763318 2 5 153
a contact +762888 +763318 5 2 153
a contact +768624 +769054 2 1 153
a contact +768624 +769054 1 2 153
a contact +768624 +769054 2 5 153
a contact +768624 +769054 5 2 153
a contact +774360 +774790 2 1 153
a contact +774360 +774790 1 2 153
a contact +774360 +774790 2 5 153
a contact +774360 +774790 5 2 153
a contact +780096 +780526 2 1 153
a contact +780096 +780526 1 2 153
a contact +780096 +780526 2 5 153
a contact +780096 +780526 5 2 153
a contact +785832 +786262 2 1 153
a contact +785832 +786262 1 2 153
a contact +785832 +786262 2 5 153
a contact +785832 +786262 5 2 153
a contact +791568 +791998 2 1 153
a contact +791568 +791998 1 2 153
a contact +791568 +791998 2 5 153
a contact +791568 +791998 5 2 153
a contact +797304 +797734 2 1 153
a contact +797304 +797734 1 2 153
a contact +797304 +797734 2 5 153
a contact +797304 +797734 5 2 153
a contact +803040 +803470 2 1 153
a contact +803040 +803470 1 2 153
a contact +803040 +803470 2 5 153
a contact +803040 +803470 5 2 153
a contact +808776 +809206 2 1 153
a contact +808776 +809206 1 2 153
a contact +808776 +809206 2 5 153
a contact +808776 +809206 5 2 153
a contact +814512 +814942 2 1 153
a contact +814512 +814942 1 2 153
a contact +814512 +814942 2 5 153
a contact +814512 +814942 5 2 153
a contact +820248 +820678 2 1 153
a contact +820248 +820678 1 2 153
a contact +820248 +820678 2 5 153
a contact +820248 +820678 5 2 153
a contact +825984 +826414 2 1 153
a contact +825984 +826414 1 2 153
a contact +825984 +826414 2 5 153
a contact +825984 +826414 5 2 153
a contact +831720 +832150 2 1 153
a contact +831720 +832150 1 2 153
a contact +831720 +832150 2 5 153
a contact +831720 +832150 5 2 153
a contact +837456 +837886 2 1 153
a contact +837456 +837886 1 2 153
a contact +837456 +837886 2 5 153
a contact +837456 +837886 5 2 153
a contact +843192 +843622 2 1 153
a contact +843192 +843622 1 2 153
a contact +843192 +843622 2 5 153
a contact +843192 +843622 5 2 153
a contact +848928 +849358 2 1 153
a contact +848928 +849358 1 2 153
a contact +848928 +849358 2 5 153
a contact +848928 +849358 5 2 153
a contact +854664 +855094 2 1 153
a contact +854664 +855094 1 2 153
a contact +854664 +855094 2 5 153
a contact +854664 +855094 5 2 153
a contact +860400 +860830 2 1 153
a contact +860400 +860830 1 2 153
a contact +860400 +860830 2 5 153
a contact +860400 +860830 5 2 153
a contact +866136 +866566 2 1 153
a contact +866136 +866566 1 2 153
a contact +866136 +866566 2 5 153
a contact +866136 +866566 5 2 153
a contact +871872 +872302 2 1 153
a contact +871872 +872302 1 2 153
a contact +871872 +872302 2 5 153
a contact +871872 +872302 5 2 153
a contact +877608 +878038 2 1 153
a contact +877608 +878038 1 2 153
a contact +877608 +878038 2 5 153
a contact +877608 +878038 5 2 153
a contact +883344 +883774 2 1 153
a contact +883344 +883774 1 2 153
a contact +883344 +883774 2 5 153
a contact +883344 +883774 5 2 153
a contact +889080 +889510 2 1 153
a contact +889080 +889510 1 2 153
a contact +889080 +889510 2 5 153
a contact +889080 +889510 5 2 153
a contact +894816 +895246 2 1 153
a contact +894816 +895246 1 2 153
a contact +894816 +895246 2 5 153
a contact +894816 +895246 5 2 153
a contact +900552 +900982 2 1 153
a contact +900552 +900982 1 2 153
a contact +900552 +900982 2 5 153
a contact +900552 +900982 5 2 153
a contact +906288 +906718 2 1 153
a contact +906288 +906718 1 2 153
a contact +906288 +906718 2 5 153
a contact +906288 +906718 5 2 153
a contact +912024 +912454 2 1 153
a contact +912024 +912454 1 2 153
a contact +912024 +912454 2 5 153
a contact +912024 +912454 5 2 153
a contact +917760 +918190 2 1 153
a contact +917760 +918190 1 2 153
a contact +917760 +918190 2 5 153
a contact +917760 +918190 5 2 153
a contact +923496 +923926 2 1 153
a contact +923496 +923926 1 2 153
a contact +923496 +923926 2 5 153
a contact +923496 +923926 5 2 153
a contact +929232 +929662 2 1 153
a contact +929232 +929662 1 2 153
a contact +929232 +929662 2 5 153
a contact +929232 +929662 5 2 153
a contact +934968 +935398 2 1 153
a contact +934968 +935398 1 2 153
a contact +934968 +935398 2 5 153
a contact +934968 +935398 5 2 153
a contact +940704 +941134 2 1 153
a contact +940704 +941134 1 2 153
a contact +940704 +941134 2 5 153
a contact +940704 +941134 5 2 153
a contact +946440 +946870 2 1 153
a contact +946440 +946870 1 2 153
a contact +946440 +946870 2 5 153
a contact +946440 +946870 5 2 153
a contact +952176 +952606 2 1 153
a contact +952176 +952606 1 2 153
a contact +952176 +952606 2 5 153
a contact +952176 +952606 5 2 153
a contact +957912 +958342 2 1 153
a contact +957912 +958342 1 2 153
a contact +957912 +958342 2 5 153
a contact +957912 +958342 5 2 153
a contact +963648 +964078 2 1 153
a contact +963648 +964078 1 2 153
a contact +963648 +964078 2 5 153
a contact +963648 +964078 5 2 153
a contact +969384 +969814 2 1 153
a contact +969384 +969814 1 2 153
a contact +969384 +969814 2 5 153
a contact +969384 +969814 5 2 153
a contact +975120 +975550 2 1 153
a contact +975120 +975550 1 2 153
a contact +975120 +975550 2 5 153
a contact +975120 +975550 5 2 153
a contact +980856 +981286 2 1 153
a contact +980856 +981286 1 2 153
a contact +980856 +981286 2 5 153
a contact +980856 +981286 5 2 153
a contact +986592 +987022 2 1 153
a contact +986592 +987022 1 2 153
a contact +986592 +987022 2 5 153
a contact +986592 +987022 5 2 153
a contact +992328 +992758 2 1 153
a contact +992328 +992758 1 2 153
a contact +992328 +992758 2 5 153
a contact +992328 +992758 5 2 153
a contact +998064 +998494 2 1 153
a contact +998064 +998494 1 2 153
a contact +998064 +998494 2 5 153
a contact +998064 +998494 5 2 153
a contact +1003800 +1004230 2 1 153
a contact +1003800 +1004230 1 2 153
a contact +1003800 +1004230 2 5 153
a contact +1003800 +1004230 5 2 153
a contact +1009536 +1009966 2 1 153
a contact +1009536 +1009966 1 2 153
a contact +1009536 +1009966 2 5 153
a contact +1009536 +1009966 5 2 153
a contact +1015272 +1015702 2 1 153
a contact +1015272 +1015702 1 2 153
a contact +1015272 +1015702 2 5 153
a contact +1015272 +1015702 5 2 153
a contact +1021008 +1021438 2 1 153
a contact +1021008 +1021438 1 2 153
a contact +1021008 +1021438 2 5 153
a contact +1021008 +1021438 5 2 153
a contact +1026744 +1027174 2 1 153
a contact +1026744 +1027174 1 2 153
a contact +1026744 +1027174 2 5 153
a contact +1026744 +1027174 5 2 153
a contact +1032480 +1032910 2 1 153
a contact +1032480 +1032910 1 2 153
a contact +1032480 +1032910 2 5 153
a contact +1032480 +1032910 5 2 153
a contact +1038216 +1038646 2 1 153
a contact +1038216 +1038646 1 2 153
a contact +1038216 +1038646 2 5 153
a contact +1038216 +1038646 5 2 153
a contact +1043952 +1044382 2 1 153
a contact +1043952 +1044382 1 2 153
a contact +1043952 +1044382 2 5 153
a contact +1043952 +1044382 5 2 153
a contact +1049688 +1050118 2 1 153
a contact +1049688 +1050118 1 2 153
a contact +1049688 +1050118 2 5 153
a contact +1049688 +1050118 5 2 153
a contact +1055424 +1055854 2 1 153
a contact +1055424 +1055854 1 2 153
a contact +1055424 +1055854 2 5 153
a contact +1055424 +1055854 5 2 153
a contact +1061160 +1061590 2 1 153
a contact +1061160 +1061590 1 2 153
a contact +1061160 +1061590 2 5 153
a contact +1061160 +1061590 5 2 153
a contact +1066896 +1067326 2 1 153
a contact +1066896 +1067326 1 2 153
a contact +1066896 +1067326 2 5 153
a contact +1066896 +1067326 5 2 153
a contact +1072632 +1073062 2 1 153
a contact +1072632 +1073062 1 2 153
a contact +1072632 +1073062 2 5 153
a contact +1072632 +1073062 5 2 153
a contact +1078368 +1078798 2 1 153
a contact +1078368 +1078798 1 2 153
a contact +1078368 +1078798 2 5 153
a contact +1078368 +1078798 5 2 153
a contact +1084104 +1084534 2 1 153
a contact +1084104 +1084534 1 2 153
a contact +1084104 +1084534 2 5 153
a contact +1084104 +1084534 5 2 153
a contact +1089840 +1090270 2 1 153
a contact +1089840 +1090270 1 2 153
a contact +1089840 +1090270 2 5 153
a contact +1089840 +1090270 5 2 153
a contact +1095576 +1096006 2 1 153
a contact +1095576 +1096006 1 2 153
a contact +1095576 +1096006 2 5 153
a contact +1095576 +1096006 5 2 153
a contact +1101312 +1101742 2 1 153
a contact +1101312 +1101742 1 2 153
a contact +1101312 +1101742 2 5 153
a contact +1101312 +1101742 5 2 153
a contact +1107048 +1107478 2 1 153
a contact +1107048 +1107478 1 2 153
a contact +1107048 +1107478 2 5 153
a contact +1107048 +1107478 5 2 153
a contact +1112784 +1113214 2 1 153
a contact +1112784 +1113214 1 2 153
a contact +1112784 +1113214 2 5 153
a contact +1112784 +1113214 5 2 153
a contact +1118520 +1118950 2 1 153
a contact +1118520 +1118950 1 2 153
a contact +1118520 +1118950 2 5 153
a contact +1118520 +1118950 5 2 153
a contact +1124256 +1124686 2 1 153
a contact +1124256 +1124686 1 2 153
a contact +1124256 +1124686 2 5 153
a contact +1124256 +1124686 5 2 153
a contact +1129992 +1130422 2 1 153
a contact +1129992 +1130422 1 2 153
a contact +1129992 +1130422 2 5 153
a contact +1129992 +1130422 5 2 153
a contact +1135728 +1136158 2 1 153
a contact +1135728 +1136158 1 2 153
a contact +1135728 +1136158 2 5 153
a contact +1135728 +1136158 5 2 153
a contact +1141464 +1141894 2 1 153
a contact +1141464 +1141894 1 2 153
a contact +1141464 +1141894 2 5 153
a contact +1141464 +1141894 5 2 153
a contact +1147200 +1147630 2 1 153
a contact +1147200 +1147630 1 2 153
a contact +1147200 +1147630 2 5 153
a contact +1147200 +1147630 5 2 153
a contact +1152936 +1153366 2 1 153
a contact +1152936 +1153366 1 2 153
a contact +1152936 +1153366 2 5 153
a contact +1152936 +1153366 5 2 153
a contact +1158672 +1159102 2 1 153
a contact +1158672 +1159102 1 2 153
a contact +1158672 +1159102 2 5 153
a contact +1158672 +1159102 5 2 153
a contact +1164408 +1164838 2 1 153
a contact +1164408 +1164838 1 2 153
a contact +1164408 +1164838 2 5 153
a contact +1164408 +1164838 5 2 153
a contact +1170144 +1170574 2 1 153
a contact +1170144 +1170574 1 2 153
a contact +1170144 +1170574 2 5 153
a contact +1170144 +1170574 5 2 153
a contact +1175880 +1176310 2 1 153
a contact +1175880 +1176310 1 2 153
a contact +1175880 +1176310 2 5 153
a contact +1175880 +1176310 5 2 153
a contact +1181616 +1182046 2 1 153
a contact +1181616 +1182046 1 2 153
a contact +1181616 +1182046 2 5 153
a contact +1181616 +1182046 5 2 153
a contact +1187352 +1187782 2 1 153
a contact +1187352 +1187782 1 2 153
a contact +1187352 +1187782 2 5 153
a contact +1187352 +1187782 5 2 153
a contact +1193088 +1193518 2 1 153
a contact +1193088 +1193518 1 2 153
a contact +1193088 +1193518 2 5 153
a contact +1193088 +1193518 5 2 153
a contact +1198824 +1199254 2 1 153
a contact +1198824 +1199254 1 2 153
a contact +1198824 +1199254 2 5 153
a contact +1198824 +1199254 5 2 153
