m horizon +344160
a contact +0 +300 1 2 1000000000
a contact +0 +300 2 1 1000000000
a contact +1351 +1651 1 2 1000000000
a contact +1351 +1651 2 1 1000000000
a contact +5075 +5375 1 2 1000000000
a contact +5075 +5375 2 1 1000000000
a contact +7839 +8139 1 2 1000000000
a contact +7839 +8139 2 1 1000000000
a contact +8196 +8496 1 2 1000000000
a contact +8196 +8496 2 1 1000000000
a contact +8524 +8824 1 2 1000000000
a contact +8524 +8824 2 1 1000000000
a contact +8903 +9203 1 2 1000000000
a contact +8903 +9203 2 1 1000000000
a contact +9410 +9710 1 2 1000000000
a contact +9410 +9710 2 1 1000000000
a contact +12503 +12803 1 2 1000000000
a contact +12503 +12803 2 1 1000000000
a contact +28108 +28408 1 2 1000000000
a contact +28108 +28408 2 1 1000000000
a contact +34662 +34962 1 2 1000000000
a contact +34662 +34962 2 1 1000000000
a contact +35230 +35530 1 2 1000000000
a contact +35230 +35530 2 1 1000000000
a contact +36499 +36799 1 2 1000000000
a contact +36499 +36799 2 1 1000000000
a contact +37192 +37492 1 2 1000000000
a contact +37192 +37492 2 1 1000000000
a contact +40809 +41109 1 2 1000000000
a contact +40809 +41109 2 1 1000000000
a contact +43666 +43966 1 2 1000000000
a contact +43666 +43966 2 1 1000000000
a contact +44026 +44326 1 2 1000000000
a contact +44026 +44326 2 1 1000000000
a contact +48015 +48315 1 2 1000000000
a contact +48015 +48315 2 1 1000000000
a contact +49315 +49615 1 2 1000000000
a contact +49315 +49615 2 1 1000000000
a contact +51471 +51771 1 2 1000000000
a contact +51471 +51771 2 1 1000000000
a contact +52424 +52724 1 2 1000000000
a contact +52424 +52724 2 1 1000000000
a contact +56873 +57173 1 2 1000000000
a contact +56873 +57173 2 1 1000000000
a contact +73393 +73693 1 2 1000000000
a contact +73393 +73693 2 1 1000000000
a contact +73986 +74286 1 2 1000000000
a contact +73986 +74286 2 1 1000000000
a contact +74315 +74615 1 2 1000000000
a contact +74315 +74615 2 1 1000000000
a contact +81519 +81819 1 2 1000000000
a contact +81519 +81819 2 1 1000000000
a contact +84635 +84935 1 2 1000000000
a contact +84635 +84935 2 1 1000000000
a contact +90566 +90866 1 2 1000000000
a contact +90566 +90866 2 1 1000000000
a contact +92869 +93169 1 2 1000000000
a contact +92869 +93169 2 1 1000000000
a contact +93231 +93531 1 2 1000000000
a contact +93231 +93531 2 1 1000000000
a contact +98621 +98921 1 2 1000000000
a contact +98621 +98921 2 1 1000000000
a contact +100335 +100635 1 2 1000000000
a contact +100335 +100635 2 1 1000000000
a contact +100647 +100947 1 2 1000000000
a contact +100647 +100947 2 1 1000000000
a contact +101294 +101594 1 2 1000000000
a contact +101294 +101594 2 1 1000000000
a contact +101653 +101953 1 2 1000000000
a contact +101653 +101953 2 1 1000000000
a contact +102176 +102476 1 2 1000000000
a contact +102176 +102476 2 1 1000000000
a contact +102576 +102876 1 2 1000000000
a contact +102576 +102876 2 1 1000000000
a contact +103691 +103991 1 2 1000000000
a contact +103691 +103991 2 1 1000000000
a contact +116372 +116672 1 2 1000000000
a contact +116372 +116672 2 1 1000000000
a contact +117049 +117349 1 2 1000000000
a contact +117049 +117349 2 1 1000000000
a contact +117953 +118253 1 2 1000000000
a contact +117953 +118253 2 1 1000000000
a contact +121145 +121445 1 2 1000000000
a contact +121145 +121445 2 1 1000000000
a contact +121446 +121746 1 2 1000000000
a contact +121446 +121746 2 1 1000000000
a contact +123059 +123359 1 2 1000000000
a contact +123059 +123359 2 1 1000000000
a contact +135213 +135513 1 2 1000000000
a contact +135213 +135513 2 1 1000000000
a contact +137821 +138121 1 2 1000000000
a contact +137821 +138121 2 1 1000000000
a contact +141772 +142072 1 2 1000000000
a contact +141772 +142072 2 1 1000000000
a contact +150063 +150363 1 2 1000000000
a contact +150063 +150363 2 1 1000000000
a contact +157227 +157527 1 2 1000000000
a contact +157227 +157527 2 1 1000000000
a contact +158983 +159283 1 2 1000000000
a contact +158983 +159283 2 1 1000000000
a contact +159436 +159736 1 2 1000000000
a contact +159436 +159736 2 1 1000000000
a contact +159800 +160100 1 2 1000000000
a contact +159800 +160100 2 1 1000000000
a contact +160601 +160901 1 2 1000000000
a contact +160601 +160901 2 1 1000000000
a contact +162044 +162344 1 2 1000000000
a contact +162044 +162344 2 1 1000000000
a contact +162344 +162644 1 2 1000000000
a contact +162344 +162644 2 1 1000000000
a contact +162792 +163092 1 2 1000000000
a contact +162792 +163092 2 1 1000000000
a contact +163106 +163406 1 2 1000000000
a contact +163106 +163406 2 1 1000000000
a contact +166508 +166808 1 2 1000000000
a contact +166508 +166808 2 1 1000000000
a contact +167498 +167798 1 2 1000000000
a contact +167498 +167798 2 1 1000000000
a contact +169081 +169381 1 2 1000000000
a contact +169081 +169381 2 1 1000000000
a contact +171327 +171627 1 2 1000000000
a contact +171327 +171627 2 1 1000000000
a contact +171738 +172038 1 2 1000000000
a contact +171738 +172038 2 1 1000000000
a contact +173196 +173496 1 2 1000000000
a contact +173196 +173496 2 1 1000000000
a contact +178786 +179086 1 2 1000000000
a contact +178786 +179086 2 1 1000000000
a contact +179099 +179399 1 2 1000000000
a contact +179099 +179399 2 1 1000000000
a contact +181804 +182104 1 2 1000000000
a contact +181804 +182104 2 1 1000000000
a contact +184625 +184925 1 2 1000000000
a contact +184625 +184925 2 1 1000000000
a contact +191356 +191656 1 2 1000000000
a contact +191356 +191656 2 1 1000000000
a contact +192387 +192687 1 2 1000000000
a contact +192387 +192687 2 1 1000000000
a contact +193031 +193331 1 2 1000000000
a contact +193031 +193331 2 1 1000000000
a contact +194415 +194715 1 2 1000000000
a contact +194415 +194715 2 1 1000000000
a contact +200764 +201064 1 2 1000000000
a contact +200764 +201064 2 1 1000000000
a contact +201640 +201940 1 2 1000000000
a contact +201640 +201940 2 1 1000000000
a contact +203172 +203472 1 2 1000000000
a contact +203172 +203472 2 1 1000000000
a contact +203489 +203789 1 2 1000000000
a contact +203489 +203789 2 1 1000000000
a contact +204511 +204811 1 2 1000000000
a contact +204511 +204811 2 1 1000000000
a contact +217048 +217348 1 2 1000000000
a contact +217048 +217348 2 1 1000000000
a contact +229412 +229712 1 2 1000000000
a contact +229412 +229712 2 1 1000000000
a contact +230261 +230561 1 2 1000000000
a contact +230261 +230561 2 1 1000000000
a contact +231014 +231314 1 2 1000000000
a contact +231014 +231314 2 1 1000000000
a contact +236960 +237260 1 2 1000000000
a contact +236960 +237260 2 1 1000000000
a contact +237370 +237670 1 2 1000000000
a contact +237370 +237670 2 1 1000000000
a contact +246207 +246507 1 2 1000000000
a contact +246207 +246507 2 1 1000000000
a contact +246891 +247191 1 2 1000000000
a contact +246891 +247191 2 1 1000000000
a contact +248291 +248591 1 2 1000000000
a contact +248291 +248591 2 1 1000000000
a contact +262999 +263299 1 2 1000000000
a contact +262999 +263299 2 1 1000000000
a contact +267404 +267704 1 2 1000000000
a contact +267404 +267704 2 1 1000000000
a contact +267920 +268220 1 2 1000000000
a contact +267920 +268220 2 1 1000000000
a contact +276487 +276787 1 2 1000000000
a contact +276487 +276787 2 1 1000000000
a contact +277062 +277362 1 2 1000000000
a contact +277062 +277362 2 1 1000000000
a contact +278564 +278864 1 2 1000000000
a contact +278564 +278864 2 1 1000000000
a contact +279092 +279392 1 2 1000000000
a contact +279092 +279392 2 1 1000000000
a contact +293664 +293964 1 2 1000000000
a contact +293664 +293964 2 1 1000000000
a contact +299175 +299475 1 2 1000000000
a contact +299175 +299475 2 1 1000000000
a contact +300163 +300463 1 2 1000000000
a contact +300163 +300463 2 1 1000000000
a contact +301099 +301399 1 2 1000000000
a contact +301099 +301399 2 1 1000000000
a contact +302122 +302422 1 2 1000000000
a contact +302122 +302422 2 1 1000000000
a contact +302650 +302950 1 2 1000000000
a contact +302650 +302950 2 1 1000000000
a contact +304172 +304472 1 2 1000000000
a contact +304172 +304472 2 1 1000000000
a contact +306676 +306976 1 2 1000000000
a contact +306676 +306976 2 1 1000000000
a contact +309345 +309645 1 2 1000000000
a contact +309345 +309645 2 1 1000000000
a contact +311412 +311712 1 2 1000000000
a contact +311412 +311712 2 1 1000000000
a contact +311712 +312012 1 2 1000000000
a contact +311712 +312012 2 1 1000000000
a contact +312375 +312675 1 2 1000000000
a contact +312375 +312675 2 1 1000000000
a contact +313739 +314039 1 2 1000000000
a contact +313739 +314039 2 1 1000000000
a contact +314198 +314498 1 2 1000000000
a contact +314198 +314498 2 1 1000000000
a contact +315171 +315471 1 2 1000000000
a contact +315171 +315471 2 1 1000000000
a contact +324162 +324462 1 2 1000000000
a contact +324162 +324462 2 1 1000000000
a contact +327551 +327851 1 2 1000000000
a contact +327551 +327851 2 1 1000000000
a contact +329702 +330002 1 2 1000000000
a contact +329702 +330002 2 1 1000000000
a contact +340794 +341094 1 2 1000000000
a contact +340794 +341094 2 1 1000000000
a contact +187 +367 2 3 1000000000
a contact +187 +367 3 2 1000000000
a contact +1979 +2159 2 3 1000000000
a contact +1979 +2159 3 2 1000000000
a contact +3759 +3939 2 3 1000000000
a contact +3759 +3939 3 2 1000000000
a contact +5478 +5658 2 3 1000000000
a contact +5478 +5658 3 2 1000000000
a contact +7520 +7700 2 3 1000000000
a contact +7520 +7700 3 2 1000000000
a contact +9158 +9338 2 3 1000000000
a contact +9158 +9338 3 2 1000000000
a contact +10908 +11088 2 3 1000000000
a contact +10908 +11088 3 2 1000000000
a contact +12099 +12279 2 3 1000000000
a contact +12099 +12279 3 2 1000000000
a contact +14615 +14795 2 3 1000000000
a contact +14615 +14795 3 2 1000000000
a contact +16514 +16694 2 3 1000000000
a contact +16514 +16694 3 2 1000000000
a contact +17928 +18108 2 3 1000000000
a contact +17928 +18108 3 2 1000000000
a contact +19687 +19867 2 3 1000000000
a contact +19687 +19867 3 2 1000000000
a contact +22065 +22245 2 3 1000000000
a contact +22065 +22245 3 2 1000000000
a contact +22978 +23158 2 3 1000000000
a contact +22978 +23158 3 2 1000000000
a contact +25312 +25492 2 3 1000000000
a contact +25312 +25492 3 2 1000000000
a contact +27581 +27761 2 3 1000000000
a contact +27581 +27761 3 2 1000000000
a contact +28577 +28757 2 3 1000000000
a contact +28577 +28757 3 2 1000000000
a contact +30765 +30945 2 3 1000000000
a contact +30765 +30945 3 2 1000000000
a contact +32852 +33032 2 3 1000000000
a contact +32852 +33032 3 2 1000000000
a contact +34171 +34351 2 3 1000000000
a contact +34171 +34351 3 2 1000000000
a contact +36134 +36314 2 3 1000000000
a contact +36134 +36314 3 2 1000000000
a contact +38016 +38196 2 3 1000000000
a contact +38016 +38196 3 2 1000000000
a contact +39382 +39562 2 3 1000000000
a contact +39382 +39562 3 2 1000000000
a contact +41378 +41558 2 3 1000000000
a contact +41378 +41558 3 2 1000000000
a contact +43270 +43450 2 3 1000000000
a contact +43270 +43450 3 2 1000000000
a contact +45198 +45378 2 3 1000000000
a contact +45198 +45378 3 2 1000000000
a contact +46791 +46971 2 3 1000000000
a contact +46791 +46971 3 2 1000000000
a contact +48553 +48733 2 3 1000000000
a contact +48553 +48733 3 2 1000000000
a contact +50156 +50336 2 3 1000000000
a contact +50156 +50336 3 2 1000000000
a contact +52113 +52293 2 3 1000000000
a contact +52113 +52293 3 2 1000000000
a contact +54214 +54394 2 3 1000000000
a contact +54214 +54394 3 2 1000000000
a contact +55824 +56004 2 3 1000000000
a contact +55824 +56004 3 2 1000000000
a contact +57395 +57575 2 3 1000000000
a contact +57395 +57575 3 2 1000000000
a contact +59198 +59378 2 3 1000000000
a contact +59198 +59378 3 2 1000000000
a contact +61840 +62020 2 3 1000000000
a contact +61840 +62020 3 2 1000000000
a contact +63273 +63453 2 3 1000000000
a contact +63273 +63453 3 2 1000000000
a contact +64952 +65132 2 3 1000000000
a contact +64952 +65132 3 2 1000000000
a contact +65977 +66157 2 3 1000000000
a contact +65977 +66157 3 2 1000000000
a contact +68549 +68729 2 3 1000000000
a contact +68549 +68729 3 2 1000000000
a contact +70315 +70495 2 3 1000000000
a contact +70315 +70495 3 2 1000000000
a contact +72404 +72584 2 3 1000000000
a contact +72404 +72584 3 2 1000000000
a contact +73902 +74082 2 3 1000000000
a contact +73902 +74082 3 2 1000000000
a contact +75583 +75763 2 3 1000000000
a contact +75583 +75763 3 2 1000000000
a contact +77525 +77705 2 3 1000000000
a contact +77525 +77705 3 2 1000000000
a contact +78733 +78913 2 3 1000000000
a contact +78733 +78913 3 2 1000000000
a contact +81247 +81427 2 3 1000000000
a contact +81247 +81427 3 2 1000000000
a contact +82877 +83057 2 3 1000000000
a contact +82877 +83057 3 2 1000000000
a contact +84431 +84611 2 3 1000000000
a contact +84431 +84611 3 2 1000000000
a contact +86718 +86898 2 3 1000000000
a contact +86718 +86898 3 2 1000000000
a contact +88634 +88814 2 3 1000000000
a contact +88634 +88814 3 2 1000000000
a contact +89663 +89843 2 3 1000000000
a contact +89663 +89843 3 2 1000000000
a contact +91640 +91820 2 3 1000000000
a contact +91640 +91820 3 2 1000000000
a contact +93669 +93849 2 3 1000000000
a contact +93669 +93849 3 2 1000000000
a contact +95444 +95624 2 3 1000000000
a contact +95444 +95624 3 2 1000000000
a contact +97104 +97284 2 3 1000000000
a contact +97104 +97284 3 2 1000000000
a contact +98766 +98946 2 3 1000000000
a contact +98766 +98946 3 2 1000000000
a contact +101308 +101488 2 3 1000000000
a contact +101308 +101488 3 2 1000000000
a contact +102848 +103028 2 3 1000000000
a contact +102848 +103028 3 2 1000000000
a contact +104113 +104293 2 3 1000000000
a contact +104113 +104293 3 2 1000000000
a contact +105877 +106057 2 3 1000000000
a contact +105877 +106057 3 2 1000000000
a contact +108408 +108588 2 3 1000000000
a contact +108408 +108588 3 2 1000000000
a contact +110037 +110217 2 3 1000000000
a contact +110037 +110217 3 2 1000000000
a contact +112037 +112217 2 3 1000000000
a contact +112037 +112217 3 2 1000000000
a contact +113594 +113774 2 3 1000000000
a contact +113594 +113774 3 2 1000000000
a contact +114990 +115170 2 3 1000000000
a contact +114990 +115170 3 2 1000000000
a contact +117062 +117242 2 3 1000000000
a contact +117062 +117242 3 2 1000000000
a contact +118281 +118461 2 3 1000000000
a contact +118281 +118461 3 2 1000000000
a contact +120420 +120600 2 3 1000000000
a contact +120420 +120600 3 2 1000000000
a contact +122385 +122565 2 3 1000000000
a contact +122385 +122565 3 2 1000000000
a contact +124325 +124505 2 3 1000000000
a contact +124325 +124505 3 2 1000000000
a contact +125825 +126005 2 3 1000000000
a contact +125825 +126005 3 2 1000000000
a contact +127770 +127950 2 3 1000000000
a contact +127770 +127950 3 2 1000000000
a contact +129710 +129890 2 3 1000000000
a contact +129710 +129890 3 2 1000000000
a contact +131490 +131670 2 3 1000000000
a contact +131490 +131670 3 2 1000000000
a contact +133353 +133533 2 3 1000000000
a contact +133353 +133533 3 2 1000000000
a contact +135050 +135230 2 3 1000000000
a contact +135050 +135230 3 2 1000000000
a contact +136722 +136902 2 3 1000000000
a contact +136722 +136902 3 2 1000000000
a contact +138789 +138969 2 3 1000000000
a contact +138789 +138969 3 2 1000000000
a contact +140411 +140591 2 3 1000000000
a contact +140411 +140591 3 2 1000000000
a contact +142001 +142181 2 3 1000000000
a contact +142001 +142181 3 2 1000000000
a contact +143849 +144029 2 3 1000000000
a contact +143849 +144029 3 2 1000000000
a contact +145799 +145979 2 3 1000000000
a contact +145799 +145979 3 2 1000000000
a contact +147573 +147753 2 3 1000000000
a contact +147573 +147753 3 2 1000000000
a contact +149437 +149617 2 3 1000000000
a contact +149437 +149617 3 2 1000000000
a contact +151199 +151379 2 3 1000000000
a contact +151199 +151379 3 2 1000000000
a contact +153042 +153222 2 3 1000000000
a contact +153042 +153222 3 2 1000000000
a contact +154767 +154947 2 3 1000000000
a contact +154767 +154947 3 2 1000000000
a contact +156297 +156477 2 3 1000000000
a contact +156297 +156477 3 2 1000000000
a contact +158501 +158681 2 3 1000000000
a contact +158501 +158681 3 2 1000000000
a contact +160452 +160632 2 3 1000000000
a contact +160452 +160632 3 2 1000000000
a contact +162104 +162284 2 3 1000000000
a contact +162104 +162284 3 2 1000000000
a contact +163754 +163934 2 3 1000000000
a contact +163754 +163934 3 2 1000000000
a contact +165707 +165887 2 3 1000000000
a contact +165707 +165887 3 2 1000000000
a contact +167168 +167348 2 3 1000000000
a contact +167168 +167348 3 2 1000000000
a contact +168744 +168924 2 3 1000000000
a contact +168744 +168924 3 2 1000000000
a contact +171014 +171194 2 3 1000000000
a contact +171014 +171194 3 2 1000000000
a contact +172576 +172756 2 3 1000000000
a contact +172576 +172756 3 2 1000000000
a contact +174777 +174957 2 3 1000000000
a contact +174777 +174957 3 2 1000000000
a contact +176139 +176319 2 3 1000000000
a contact +176139 +176319 3 2 1000000000
a contact +177569 +177749 2 3 1000000000
a contact +177569 +177749 3 2 1000000000
a contact +179750 +179930 2 3 1000000000
a contact +179750 +179930 3 2 1000000000
a contact +182178 +182358 2 3 1000000000
a contact +182178 +182358 3 2 1000000000
a contact +183508 +183688 2 3 1000000000
a contact +183508 +183688 3 2 1000000000
a contact +185071 +185251 2 3 1000000000
a contact +185071 +185251 3 2 1000000000
a contact +187016 +187196 2 3 1000000000
a contact +187016 +187196 3 2 1000000000
a contact +189125 +189305 2 3 1000000000
a contact +189125 +189305 3 2 1000000000
a contact +190919 +191099 2 3 1000000000
a contact +190919 +191099 3 2 1000000000
a contact +192642 +192822 2 3 1000000000
a contact +192642 +192822 3 2 1000000000
a contact +194756 +194936 2 3 1000000000
a contact +194756 +194936 3 2 1000000000
a contact +196369 +196549 2 3 1000000000
a contact +196369 +196549 3 2 1000000000
a contact +197994 +198174 2 3 1000000000
a contact +197994 +198174 3 2 1000000000
a contact +199943 +200123 2 3 1000000000
a contact +199943 +200123 3 2 1000000000
a contact +201997 +202177 2 3 1000000000
a contact +201997 +202177 3 2 1000000000
a contact +203633 +203813 2 3 1000000000
a contact +203633 +203813 3 2 1000000000
a contact +205445 +205625 2 3 1000000000
a contact +205445 +205625 3 2 1000000000
a contact +206740 +206920 2 3 1000000000
a contact +206740 +206920 3 2 1000000000
a contact +208764 +208944 2 3 1000000000
a contact +208764 +208944 3 2 1000000000
a contact +210775 +210955 2 3 1000000000
a contact +210775 +210955 3 2 1000000000
a contact +212328 +212508 2 3 1000000000
a contact +212328 +212508 3 2 1000000000
a contact +214456 +214636 2 3 1000000000
a contact +214456 +214636 3 2 1000000000
a contact +216143 +216323 2 3 1000000000
a contact +216143 +216323 3 2 1000000000
a contact +218017 +218197 2 3 1000000000
a contact +218017 +218197 3 2 1000000000
a contact +219549 +219729 2 3 1000000000
a contact +219549 +219729 3 2 1000000000
a contact +222011 +222191 2 3 1000000000
a contact +222011 +222191 3 2 1000000000
a contact +223497 +223677 2 3 1000000000
a contact +223497 +223677 3 2 1000000000
a contact +224948 +225128 2 3 1000000000
a contact +224948 +225128 3 2 1000000000
a contact +226821 +227001 2 3 1000000000
a contact +226821 +227001 3 2 1000000000
a contact +229222 +229402 2 3 1000000000
a contact +229222 +229402 3 2 1000000000
a contact +230317 +230497 2 3 1000000000
a contact +230317 +230497 3 2 1000000000
a contact +232409 +232589 2 3 1000000000
a contact +232409 +232589 3 2 1000000000
a contact +234235 +234415 2 3 1000000000
a contact +234235 +234415 3 2 1000000000
a contact +235801 +235981 2 3 1000000000
a contact +235801 +235981 3 2 1000000000
a contact +237319 +237499 2 3 1000000000
a contact +237319 +237499 3 2 1000000000
a contact +239445 +239625 2 3 1000000000
a contact +239445 +239625 3 2 1000000000
a contact +241286 +241466 2 3 1000000000
a contact +241286 +241466 3 2 1000000000
a contact +243271 +243451 2 3 1000000000
a contact +243271 +243451 3 2 1000000000
a contact +244987 +245167 2 3 1000000000
a contact +244987 +245167 3 2 1000000000
a contact +246605 +246785 2 3 1000000000
a contact +246605 +246785 3 2 1000000000
a contact +248604 +248784 2 3 1000000000
a contact +248604 +248784 3 2 1000000000
a contact +250329 +250509 2 3 1000000000
a contact +250329 +250509 3 2 1000000000
a contact +252049 +252229 2 3 1000000000
a contact +252049 +252229 3 2 1000000000
a contact +253813 +253993 2 3 1000000000
a contact +253813 +253993 3 2 1000000000
a contact +255541 +255721 2 3 1000000000
a contact +255541 +255721 3 2 1000000000
a contact +257564 +257744 2 3 1000000000
a contact +257564 +257744 3 2 1000000000
a contact +258946 +259126 2 3 1000000000
a contact +258946 +259126 3 2 1000000000
a contact +260849 +261029 2 3 1000000000
a contact +260849 +261029 3 2 1000000000
a contact +262801 +262981 2 3 1000000000
a contact +262801 +262981 3 2 1000000000
a contact +264248 +264428 2 3 1000000000
a contact +264248 +264428 3 2 1000000000
a contact +266295 +266475 2 3 1000000000
a contact +266295 +266475 3 2 1000000000
a contact +267717 +267897 2 3 1000000000
a contact +267717 +267897 3 2 1000000000
a contact +269836 +270016 2 3 1000000000
a contact +269836 +270016 3 2 1000000000
a contact +271936 +272116 2 3 1000000000
a contact +271936 +272116 3 2 1000000000
a contact +273735 +273915 2 3 1000000000
a contact +273735 +273915 3 2 1000000000
a contact +275386 +275566 2 3 1000000000
a contact +275386 +275566 3 2 1000000000
a contact +277144 +277324 2 3 1000000000
a contact +277144 +277324 3 2 1000000000
a contact +278659 +278839 2 3 1000000000
a contact +278659 +278839 3 2 1000000000
a contact +281238 +281418 2 3 1000000000
a contact +281238 +281418 3 2 1000000000
a contact +282723 +282903 2 3 1000000000
a contact +282723 +282903 3 2 1000000000
a contact +284662 +284842 2 3 1000000000
a contact +284662 +284842 3 2 1000000000
a contact +285988 +286168 2 3 1000000000
a contact +285988 +286168 3 2 1000000000
a contact +287955 +288135 2 3 1000000000
a contact +287955 +288135 3 2 1000000000
a contact +289363 +289543 2 3 1000000000
a contact +289363 +289543 3 2 1000000000
a contact +291787 +291967 2 3 1000000000
a contact +291787 +291967 3 2 1000000000
a contact +293624 +293804 2 3 1000000000
a contact +293624 +293804 3 2 1000000000
a contact +294744 +294924 2 3 1000000000
a contact +294744 +294924 3 2 1000000000
a contact +296987 +297167 2 3 1000000000
a contact +296987 +297167 3 2 1000000000
a contact +298951 +299131 2 3 1000000000
a contact +298951 +299131 3 2 1000000000
a contact +300177 +300357 2 3 1000000000
a contact +300177 +300357 3 2 1000000000
a contact +301961 +302141 2 3 1000000000
a contact +301961 +302141 3 2 1000000000
a contact +303944 +304124 2 3 1000000000
a contact +303944 +304124 3 2 1000000000
a contact +305848 +306028 2 3 1000000000
a contact +305848 +306028 3 2 1000000000
a contact +307463 +307643 2 3 1000000000
a contact +307463 +307643 3 2 1000000000
a contact +309607 +309787 2 3 1000000000
a contact +309607 +309787 3 2 1000000000
a contact +311459 +311639 2 3 1000000000
a contact +311459 +311639 3 2 1000000000
a contact +313352 +313532 2 3 1000000000
a contact +313352 +313532 3 2 1000000000
a contact +315168 +315348 2 3 1000000000
a contact +315168 +315348 3 2 1000000000
a contact +317160 +317340 2 3 1000000000
a contact +317160 +317340 3 2 1000000000
a contact +318879 +319059 2 3 1000000000
a contact +318879 +319059 3 2 1000000000
a contact +320085 +320265 2 3 1000000000
a contact +320085 +320265 3 2 1000000000
a contact +322078 +322258 2 3 1000000000
a contact +322078 +322258 3 2 1000000000
a contact +323745 +323925 2 3 1000000000
a contact +323745 +323925 3 2 1000000000
a contact +325541 +325721 2 3 1000000000
a contact +325541 +325721 3 2 1000000000
a contact +327580 +327760 2 3 1000000000
a contact +327580 +327760 3 2 1000000000
a contact +329401 +329581 2 3 1000000000
a contact +329401 +329581 3 2 1000000000
a contact +331317 +331497 2 3 1000000000
a contact +331317 +331497 3 2 1000000000
a contact +332619 +332799 2 3 1000000000
a contact +332619 +332799 3 2 1000000000
a contact +334502 +334682 2 3 1000000000
a contact +334502 +334682 3 2 1000000000
a contact +336594 +336774 2 3 1000000000
a contact +336594 +336774 3 2 1000000000
a contact +338352 +338532 2 3 1000000000
a contact +338352 +338532 3 2 1000000000
a contact +340125 +340305 2 3 1000000000
a contact +340125 +340305 3 2 1000000000
a contact +341984 +342164 2 3 1000000000
a contact +341984 +342164 3 2 1000000000
a contact +343617 +343797 2 3 1000000000
a contact +343617 +343797 3 2 1000000000
a contact +0 +430 3 4 1000000000
a contact +0 +430 4 3 1000000000
a contact +5736 +6166 3 4 1000000000
a contact +5736 +6166 4 3 1000000000
a contact +11472 +11902 3 4 1000000000
a contact +11472 +11902 4 3 1000000000
a contact +17208 +17638 3 4 1000000000
a contact +17208 +17638 4 3 1000000000
a contact +22944 +23374 3 4 1000000000
a contact +22944 +23374 4 3 1000000000
a contact +28680 +29110 3 4 1000000000
a contact +28680 +29110 4 3 1000000000
a contact +34416 +34846 3 4 1000000000
a contact +34416 +34846 4 3 1000000000
a contact +40152 +40582 3 4 1000000000
a contact +40152 +40582 4 3 1000000000
a contact +45888 +46318 3 4 1000000000
a contact +45888 +46318 4 3 1000000000
a contact +51624 +52054 3 4 1000000000
a contact +51624 +52054 4 3 1000000000
a contact +57360 +57790 3 4 1000000000
a contact +57360 +57790 4 3 1000000000
a contact +63096 +63526 3 4 1000000000
a contact +63096 +63526 4 3 1000000000
a contact +68832 +69262 3 4 1000000000
a contact +68832 +69262 4 3 1000000000
a contact +74568 +74998 3 4 1000000000
a contact +74568 +74998 4 3 1000000000
a contact +80304 +80734 3 4 1000000000
a contact +80304 +80734 4 3 1000000000
a contact +86040 +86470 3 4 1000000000
a contact +86040 +86470 4 3 1000000000
a contact +91776 +92206 3 4 1000000000
a contact +91776 +92206 4 3 1000000000
a contact +97512 +97942 3 4 1000000000
a contact +97512 +97942 4 3 1000000000
a contact +103248 +103678 3 4 1000000000
a contact +103248 +103678 4 3 1000000000
a contact +108984 +109414 3 4 1000000000
a contact +108984 +109414 4 3 1000000000
a contact +114720 +115150 3 4 1000000000
a contact +114720 +115150 4 3 1000000000
a contact +120456 +120886 3 4 1000000000
a contact +120456 +120886 4 3 1000000000
a contact +126192 +126622 3 4 1000000000
a contact +126192 +126622 4 3 1000000000
a contact +131928 +132358 3 4 1000000000
a contact +131928 +132358 4 3 1000000000
a contact +137664 +138094 3 4 1000000000
a contact +137664 +138094 4 3 1000000000
a contact +143400 +143830 3 4 1000000000
a contact +143400 +143830 4 3 1000000000
a contact +149136 +149566 3 4 1000000000
a contact +149136 +149566 4 3 1000000000
a contact +154872 +155302 3 4 1000000000
a contact +154872 +155302 4 3 1000000000
a contact +160608 +161038 3 4 1000000000
a contact +160608 +161038 4 3 1000000000
a contact +166344 +166774 3 4 1000000000
a contact +166344 +166774 4 3 1000000000
a contact +172080 +172510 3 4 1000000000
a contact +172080 +172510 4 3 1000000000
a contact +177816 +178246 3 4 1000000000
a contact +177816 +178246 4 3 1000000000
a contact +183552 +183982 3 4 1000000000
a contact +183552 +183982 4 3 1000000000
a contact +189288 +189718 3 4 1000000000
a contact +189288 +189718 4 3 1000000000
a contact +195024 +195454 3 4 1000000000
a contact +195024 +195454 4 3 1000000000
a contact +200760 +201190 3 4 1000000000
a contact +200760 +201190 4 3 1000000000
a contact +206496 +206926 3 4 1000000000
a contact +206496 +206926 4 3 1000000000
a contact +212232 +212662 3 4 1000000000
a contact +212232 +212662 4 3 1000000000
a contact +217968 +218398 3 4 1000000000
a contact +217968 +218398 4 3 1000000000
a contact +223704 +224134 3 4 1000000000
a contact +223704 +224134 4 3 1000000000
a contact +229440 +229870 3 4 1000000000
a contact +229440 +229870 4 3 1000000000
a contact +235176 +235606 3 4 1000000000
a contact +235176 +235606 4 3 1000000000
a contact +240912 +241342 3 4 1000000000
a contact +240912 +241342 4 3 1000000000
a contact +246648 +247078 3 4 1000000000
a contact +246648 +247078 4 3 1000000000
a contact +252384 +252814 3 4 1000000000
a contact +252384 +252814 4 3 1000000000
a contact +258120 +258550 3 4 1000000000
a contact +258120 +258550 4 3 1000000000
a contact +263856 +264286 3 4 1000000000
a contact +263856 +264286 4 3 1000000000
a contact +269592 +270022 3 4 1000000000
a contact +269592 +270022 4 3 1000000000
a contact +275328 +275758 3 4 1000000000
a contact +275328 +275758 4 3 1000000000
a contact +281064 +281494 3 4 1000000000
a contact +281064 +281494 4 3 1000000000
a contact +286800 +287230 3 4 1000000000
a contact +286800 +287230 4 3 1000000000
a contact +292536 +292966 3 4 1000000000
a contact +292536 +292966 4 3 1000000000
a contact +298272 +298702 3 4 1000000000
a contact +298272 +298702 4 3 1000000000
a contact +304008 +304438 3 4 1000000000
a contact +304008 +304438 4 3 1000000000
a contact +309744 +310174 3 4 1000000000
a contact +309744 +310174 4 3 1000000000
a contact +315480 +315910 3 4 1000000000
a contact +315480 +315910 4 3 1000000000
a contact +321216 +321646 3 4 1000000000
a contact +321216 +321646 4 3 1000000000
a contact +326952 +327382 3 4 1000000000
a contact +326952 +327382 4 3 1000000000
a contact +332688 +333118 3 4 1000000000
a contact +332688 +333118 4 3 1000000000
a contact +338424 +338854 3 4 1000000000
a contact +338424 +338854 4 3 1000000000
