m horizon +344160
a contact +0 +430 1 2 1000000000
a contact +0 +430 2 1 1000000000
a contact +5736 +6166 1 2 1000000000
a contact +5736 +6166 2 1 1000000000
a contact +11472 +11902 1 2 1000000000
a contact +11472 +11902 2 1 1000000000
a contact +17208 +17638 1 2 1000000000
a contact +17208 +17638 2 1 1000000000
a contact +22944 +23374 1 2 1000000000
a contact +22944 +23374 2 1 1000000000
a contact +28680 +29110 1 2 1000000000
a contact +28680 +29110 2 1 1000000000
a contact +34416 +34846 1 2 1000000000
a contact +34416 +34846 2 1 1000000000
a contact +40152 +40582 1 2 1000000000
a contact +40152 +40582 2 1 1000000000
a contact +45888 +46318 1 2 1000000000
a contact +45888 +46318 2 1 1000000000
a contact +51624 +52054 1 2 1000000000
a contact +51624 +52054 2 1 1000000000
a contact +57360 +57790 1 2 1000000000
a contact +57360 +57790 2 1 1000000000
a contact +63096 +63526 1 2 1000000000
a contact +63096 +63526 2 1 1000000000
a contact +68832 +69262 1 2 1000000000
a contact +68832 +69262 2 1 1000000000
a contact +74568 +74998 1 2 1000000000
a contact +74568 +74998 2 1 1000000000
a contact +80304 +80734 1 2 1000000000
a contact +80304 +80734 2 1 1000000000
a contact +86040 +86470 1 2 1000000000
a contact +86040 +86470 2 1 1000000000
a contact +91776 +92206 1 2 1000000000
a contact +91776 +92206 2 1 1000000000
a contact +97512 +97942 1 2 1000000000
a contact +97512 +97942 2 1 1000000000
a contact +103248 +103678 1 2 1000000000
a contact +103248 +103678 2 1 1000000000
a contact +108984 +109414 1 2 1000000000
a contact +108984 +109414 2 1 1000000000
a contact +114720 +115150 1 2 1000000000
a contact +114720 +115150 2 1 1000000000
a contact +120456 +120886 1 2 1000000000
a contact +120456 +120886 2 1 1000000000
a contact +126192 +126622 1 2 1000000000
a contact +126192 +126622 2 1 1000000000
a contact +131928 +132358 1 2 1000000000
a contact +131928 +132358 2 1 1000000000
a contact +137664 +138094 1 2 1000000000
a contact +137664 +138094 2 1 1000000000
a contact +143400 +143830 1 2 1000000000
a contact +143400 +143830 2 1 1000000000
a contact +149136 +149566 1 2 1000000000
a contact +149136 +149566 2 1 1000000000
a contact +154872 +155302 1 2 1000000000
a contact +154872 +155302 2 1 1000000000
a contact +160608 +161038 1 2 1000000000
a contact +160608 +161038 2 1 1000000000
a contact +166344 +166774 1 2 1000000000
a contact +166344 +166774 2 1 1000000000
a contact +172080 +172510 1 2 1000000000
a contact +172080 +172510 2 1 1000000000
a contact +177816 +178246 1 2 1000000000
a contact +177816 +178246 2 1 1000000000
a contact +183552 +183982 1 2 1000000000
a contact +183552 +183982 2 1 1000000000
a contact +189288 +189718 1 2 1000000000
a contact +189288 +189718 2 1 1000000000
a contact +195024 +195454 1 2 1000000000
a contact +195024 +195454 2 1 1000000000
a contact +200760 +201190 1 2 1000000000
a contact +200760 +201190 2 1 1000000000
a contact +206496 +206926 1 2 1000000000
a contact +206496 +206926 2 1 1000000000
a contact +212232 +212662 1 2 1000000000
a contact +212232 +212662 2 1 1000000000
a contact +217968 +218398 1 2 1000000000
a contact +217968 +218398 2 1 1000000000
a contact +223704 +224134 1 2 1000000000
a contact +223704 +224134 2 1 1000000000
a contact +229440 +229870 1 2 1000000000
a contact +229440 +229870 2 1 1000000000
a contact +235176 +235606 1 2 1000000000
a contact +235176 +235606 2 1 1000000000
a contact +240912 +241342 1 2 1000000000
a contact +240912 +241342 2 1 1000000000
a contact +246648 +247078 1 2 1000000000
a contact +246648 +247078 2 1 1000000000
a contact +252384 +252814 1 2 1000000000
a contact +252384 +252814 2 1 1000000000
a contact +258120 +258550 1 2 1000000000
a contact +258120 +258550 2 1 1000000000
a contact +263856 +264286 1 2 1000000000
a contact +263856 +264286 2 1 1000000000
a contact +269592 +270022 1 2 1000000000
a contact +269592 +270022 2 1 1000000000
a contact +275328 +275758 1 2 1000000000
a contact +275328 +275758 2 1 1000000000
a contact +281064 +281494 1 2 1000000000
a contact +281064 +281494 2 1 1000000000
a contact +286800 +287230 1 2 1000000000
a contact +286800 +287230 2 1 1000000000
a contact +292536 +292966 1 2 1000000000
a contact +292536 +292966 2 1 1000000000
a contact +298272 +298702 1 2 1000000000
a contact +298272 +298702 2 1 1000000000
a contact +304008 +304438 1 2 1000000000
a contact +304008 +304438 2 1 1000000000
a contact +309744 +310174 1 2 1000000000
a contact +309744 +310174 2 1 1000000000
a contact +315480 +315910 1 2 1000000000
a contact +315480 +315910 2 1 1000000000
a contact +321216 +321646 1 2 1000000000
a contact +321216 +321646 2 1 1000000000
a contact +326952 +327382 1 2 1000000000
a contact +326952 +327382 2 1 1000000000
a contact +332688 +333118 1 2 1000000000
a contact +332688 +333118 2 1 1000000000
a contact +338424 +338854 1 2 1000000000
a contact +338424 +338854 2 1 1000000000
