m horizon +344160
a contact +0 +430 1 2 1000000000
a contact +0 +430 2 1 1000000000
a contact +0 +430 2 6 1000000000
a contact +0 +430 6 2 1000000000
a contact +5736 +6166 1 2 1000000000
a contact +5736 +6166 2 1 1000000000
a contact +5736 +6166 2 6 1000000000
a contact +5736 +6166 6 2 1000000000
a contact +11472 +11902 1 2 1000000000
a contact +11472 +11902 2 1 1000000000
a contact +11472 +11902 2 6 1000000000
a contact +11472 +11902 6 2 1000000000
a contact +17208 +17638 1 2 1000000000
a contact +17208 +17638 2 1 1000000000
a contact +17208 +17638 2 6 1000000000
a contact +17208 +17638 6 2 1000000000
a contact +22944 +23374 1 2 1000000000
a contact +22944 +23374 2 1 1000000000
a contact +22944 +23374 2 6 1000000000
a contact +22944 +23374 6 2 1000000000
a contact +28680 +29110 1 2 1000000000
a contact +28680 +29110 2 1 1000000000
a contact +28680 +29110 2 6 1000000000
a contact +28680 +29110 6 2 1000000000
a contact +34416 +34846 1 2 1000000000
a contact +34416 +34846 2 1 1000000000
a contact +34416 +34846 2 6 1000000000
a contact +34416 +34846 6 2 1000000000
a contact +40152 +40582 1 2 1000000000
a contact +40152 +40582 2 1 1000000000
a contact +40152 +40582 2 6 1000000000
a contact +40152 +40582 6 2 1000000000
a contact +45888 +46318 1 2 1000000000
a contact +45888 +46318 2 1 1000000000
a contact +45888 +46318 2 6 1000000000
a contact +45888 +46318 6 2 1000000000
a contact +51624 +52054 1 2 1000000000
a contact +51624 +52054 2 1 1000000000
a contact +51624 +52054 2 6 1000000000
a contact +51624 +52054 6 2 1000000000
a contact +57360 +57790 1 2 1000000000
a contact +57360 +57790 2 1 1000000000
a contact +57360 +57790 2 6 1000000000
a contact +57360 +57790 6 2 1000000000
a contact +63096 +63526 1 2 1000000000
a contact +63096 +63526 2 1 1000000000
a contact +63096 +63526 2 6 1000000000
a contact +63096 +63526 6 2 1000000000
a contact +68832 +69262 1 2 1000000000
a contact +68832 +69262 2 1 1000000000
a contact +68832 +69262 2 6 1000000000
a contact +68832 +69262 6 2 1000000000
a contact +74568 +74998 1 2 1000000000
a contact +74568 +74998 2 1 1000000000
a contact +74568 +74998 2 6 1000000000
a contact +74568 +74998 6 2 1000000000
a contact +80304 +80734 1 2 1000000000
a contact +80304 +80734 2 1 1000000000
a contact +80304 +80734 2 6 1000000000
a contact +80304 +80734 6 2 1000000000
a contact +86040 +86470 1 2 1000000000
a contact +86040 +86470 2 1 1000000000
a contact +86040 +86470 2 6 1000000000
a contact +86040 +86470 6 2 1000000000
a contact +91776 +92206 1 2 1000000000
a contact +91776 +92206 2 1 1000000000
a contact +91776 +92206 2 6 1000000000
a contact +91776 +92206 6 2 1000000000
a contact +97512 +97942 1 2 1000000000
a contact +97512 +97942 2 1 1000000000
a contact +97512 +97942 2 6 1000000000
a contact +97512 +97942 6 2 1000000000
a contact +103248 +103678 1 2 1000000000
a contact +103248 +103678 2 1 1000000000
a contact +103248 +103678 2 6 1000000000
a contact +103248 +103678 6 2 1000000000
a contact +108984 +109414 1 2 1000000000
a contact +108984 +109414 2 1 1000000000
a contact +108984 +109414 2 6 1000000000
a contact +108984 +109414 6 2 1000000000
a contact +114720 +115150 1 2 1000000000
a contact +114720 +115150 2 1 1000000000
a contact +114720 +115150 2 6 1000000000
a contact +114720 +115150 6 2 1000000000
a contact +120456 +120886 1 2 1000000000
a contact +120456 +120886 2 1 1000000000
a contact +120456 +120886 2 6 1000000000
a contact +120456 +120886 6 2 1000000000
a contact +126192 +126622 1 2 1000000000
a contact +126192 +126622 2 1 1000000000
a contact +126192 +126622 2 6 1000000000
a contact +126192 +126622 6 2 1000000000
a contact +131928 +132358 1 2 1000000000
a contact +131928 +132358 2 1 1000000000
a contact +131928 +132358 2 6 1000000000
a contact +131928 +132358 6 2 1000000000
a contact +137664 +138094 1 2 1000000000
a contact +137664 +138094 2 1 1000000000
a contact +137664 +138094 2 6 1000000000
a contact +137664 +138094 6 2 1000000000
a contact +143400 +143830 1 2 1000000000
a contact +143400 +143830 2 1 1000000000
a contact +143400 +143830 2 6 1000000000
a contact +143400 +143830 6 2 1000000000
a contact +149136 +149566 1 2 1000000000
a contact +149136 +149566 2 1 1000000000
a contact +149136 +149566 2 6 1000000000
a contact +149136 +149566 6 2 1000000000
a contact +154872 +155302 1 2 1000000000
a contact +154872 +155302 2 1 1000000000
a contact +154872 +155302 2 6 1000000000
a contact +154872 +155302 6 2 1000000000
a contact +160608 +161038 1 2 1000000000
a contact +160608 +161038 2 1 1000000000
a contact +160608 +161038 2 6 1000000000
a contact +160608 +161038 6 2 1000000000
a contact +166344 +166774 1 2 1000000000
a contact +166344 +166774 2 1 1000000000
a contact +166344 +166774 2 6 1000000000
a contact +166344 +166774 6 2 1000000000
a contact +172080 +172510 1 2 1000000000
a contact +172080 +172510 2 1 1000000000
a contact +172080 +172510 2 6 1000000000
a contact +172080 +172510 6 2 1000000000
a contact +177816 +178246 1 2 1000000000
a contact +177816 +178246 2 1 1000000000
a contact +177816 +178246 2 6 1000000000
a contact +177816 +178246 6 2 1000000000
a contact +183552 +183982 1 2 1000000000
a contact +183552 +183982 2 1 1000000000
a contact +183552 +183982 2 6 1000000000
a contact +183552 +183982 6 2 1000000000
a contact +189288 +189718 1 2 1000000000
a contact +189288 +189718 2 1 1000000000
a contact +189288 +189718 2 6 1000000000
a contact +189288 +189718 6 2 1000000000
a contact +195024 +195454 1 2 1000000000
a contact +195024 +195454 2 1 1000000000
a contact +195024 +195454 2 6 1000000000
a contact +195024 +195454 6 2 1000000000
a contact +200760 +201190 1 2 1000000000
a contact +200760 +201190 2 1 1000000000
a contact +200760 +201190 2 6 1000000000
a contact +200760 +201190 6 2 1000000000
a contact +206496 +206926 1 2 1000000000
a contact +206496 +206926 2 1 1000000000
a contact +206496 +206926 2 6 1000000000
a contact +206496 +206926 6 2 1000000000
a contact +212232 +212662 1 2 1000000000
a contact +212232 +212662 2 1 1000000000
a contact +212232 +212662 2 6 1000000000
a contact +212232 +212662 6 2 1000000000
a contact +217968 +218398 1 2 1000000000
a contact +217968 +218398 2 1 1000000000
a contact +217968 +218398 2 6 1000000000
a contact +217968 +218398 6 2 1000000000
a contact +223704 +224134 1 2 1000000000
a contact +223704 +224134 2 1 1000000000
a contact +223704 +224134 2 6 1000000000
a contact +223704 +224134 6 2 1000000000
a contact +229440 +229870 1 2 1000000000
a contact +229440 +229870 2 1 1000000000
a contact +229440 +229870 2 6 1000000000
a contact +229440 +229870 6 2 1000000000
a contact +235176 +235606 1 2 1000000000
a contact +235176 +235606 2 1 1000000000
a contact +235176 +235606 2 6 1000000000
a contact +235176 +235606 6 2 1000000000
a contact +240912 +241342 1 2 1000000000
a contact +240912 +241342 2 1 1000000000
a contact +240912 +241342 2 6 1000000000
a contact +240912 +241342 6 2 1000000000
a contact +246648 +247078 1 2 1000000000
a contact +246648 +247078 2 1 1000000000
a contact +246648 +247078 2 6 1000000000
a contact +246648 +247078 6 2 1000000000
a contact +252384 +252814 1 2 1000000000
a contact +252384 +252814 2 1 1000000000
a contact +252384 +252814 2 6 1000000000
a contact +252384 +252814 6 2 1000000000
a contact +258120 +258550 1 2 1000000000
a contact +258120 +258550 2 1 1000000000
a contact +258120 +258550 2 6 1000000000
a contact +258120 +258550 6 2 1000000000
a contact +263856 +264286 1 2 1000000000
a contact +263856 +264286 2 1 1000000000
a contact +263856 +264286 2 6 1000000000
a contact +263856 +264286 6 2 1000000000
a contact +269592 +270022 1 2 1000000000
a contact +269592 +270022 2 1 1000000000
a contact +269592 +270022 2 6 1000000000
a contact +269592 +270022 6 2 1000000000
a contact +275328 +275758 1 2 1000000000
a contact +275328 +275758 2 1 1000000000
a contact +275328 +275758 2 6 1000000000
a contact +275328 +275758 6 2 1000000000
a contact +281064 +281494 1 2 1000000000
a contact +281064 +281494 2 1 1000000000
a contact +281064 +281494 2 6 1000000000
a contact +281064 +281494 6 2 1000000000
a contact +286800 +287230 1 2 1000000000
a contact +286800 +287230 2 1 1000000000
a contact +286800 +287230 2 6 1000000000
a contact +286800 +287230 6 2 1000000000
a contact +292536 +292966 1 2 1000000000
a contact +292536 +292966 2 1 1000000000
a contact +292536 +292966 2 6 1000000000
a contact +292536 +292966 6 2 1000000000
a contact +298272 +298702 1 2 1000000000
a contact +298272 +298702 2 1 1000000000
a contact +298272 +298702 2 6 1000000000
a contact +298272 +298702 6 2 1000000000
a contact +304008 +304438 1 2 1000000000
a contact +304008 +304438 2 1 1000000000
a contact +304008 +304438 2 6 1000000000
a contact +304008 +304438 6 2 1000000000
a contact +309744 +310174 1 2 1000000000
a contact +309744 +310174 2 1 1000000000
a contact +309744 +310174 2 6 1000000000
a contact +309744 +310174 6 2 1000000000
a contact +315480 +315910 1 2 1000000000
a contact +315480 +315910 2 1 1000000000
a contact +315480 +315910 2 6 1000000000
a contact +315480 +315910 6 2 1000000000
a contact +321216 +321646 1 2 1000000000
a contact +321216 +321646 2 1 1000000000
a contact +321216 +321646 2 6 1000000000
a contact +321216 +321646 6 2 1000000000
a contact +326952 +327382 1 2 1000000000
a contact +326952 +327382 2 1 1000000000
a contact +326952 +327382 2 6 1000000000
a contact +326952 +327382 6 2 1000000000
a contact +332688 +333118 1 2 1000000000
a contact +332688 +333118 2 1 1000000000
a contact +332688 +333118 2 6 1000000000
a contact +332688 +333118 6 2 1000000000
a contact +338424 +338854 1 2 1000000000
a contact +338424 +338854 2 1 1000000000
a contact +338424 +338854 2 6 1000000000
a contact +338424 +338854 6 2 1000000000
a contact +0 +430 1 3 1000000000
a contact +0 +430 3 1 1000000000
a contact +0 +430 3 6 1000000000
a contact +0 +430 6 3 1000000000
a contact +4500 +4930 1 3 1000000000
a contact +4500 +4930 3 1 1000000000
a contact +4500 +4930 3 6 1000000000
a contact +4500 +4930 6 3 1000000000
a contact +9000 +9430 1 3 1000000000
a contact +9000 +9430 3 1 1000000000
a contact +9000 +9430 3 6 1000000000
a contact +9000 +9430 6 3 1000000000
a contact +13500 +13930 1 3 1000000000
a contact +13500 +13930 3 1 1000000000
a contact +13500 +13930 3 6 1000000000
a contact +13500 +13930 6 3 1000000000
a contact +18000 +18430 1 3 1000000000
a contact +18000 +18430 3 1 1000000000
a contact +18000 +18430 3 6 1000000000
a contact +18000 +18430 6 3 1000000000
a contact +22500 +22930 1 3 1000000000
a contact +22500 +22930 3 1 1000000000
a contact +22500 +22930 3 6 1000000000
a contact +22500 +22930 6 3 1000000000
a contact +27000 +27430 1 3 1000000000
a contact +27000 +27430 3 1 1000000000
a contact +27000 +27430 3 6 1000000000
a contact +27000 +27430 6 3 1000000000
a contact +31500 +31930 1 3 1000000000
a contact +31500 +31930 3 1 1000000000
a contact +31500 +31930 3 6 1000000000
a contact +31500 +31930 6 3 1000000000
a contact +36000 +36430 1 3 1000000000
a contact +36000 +36430 3 1 1000000000
a contact +36000 +36430 3 6 1000000000
a contact +36000 +36430 6 3 1000000000
a contact +40500 +40930 1 3 1000000000
a contact +40500 +40930 3 1 1000000000
a contact +40500 +40930 3 6 1000000000
a contact +40500 +40930 6 3 1000000000
a contact +45000 +45430 1 3 1000000000
a contact +45000 +45430 3 1 1000000000
a contact +45000 +45430 3 6 1000000000
a contact +45000 +45430 6 3 1000000000
a contact +49500 +49930 1 3 1000000000
a contact +49500 +49930 3 1 1000000000
a contact +49500 +49930 3 6 1000000000
a contact +49500 +49930 6 3 1000000000
a contact +54000 +54430 1 3 1000000000
a contact +54000 +54430 3 1 1000000000
a contact +54000 +54430 3 6 1000000000
a contact +54000 +54430 6 3 1000000000
a contact +58500 +58930 1 3 1000000000
a contact +58500 +58930 3 1 1000000000
a contact +58500 +58930 3 6 1000000000
a contact +58500 +58930 6 3 1000000000
a contact +63000 +63430 1 3 1000000000
a contact +63000 +63430 3 1 1000000000
a contact +63000 +63430 3 6 1000000000
a contact +63000 +63430 6 3 1000000000
a contact +67500 +67930 1 3 1000000000
a contact +67500 +67930 3 1 1000000000
a contact +67500 +67930 3 6 1000000000
a contact +67500 +67930 6 3 1000000000
a contact +72000 +72430 1 3 1000000000
a contact +72000 +72430 3 1 1000000000
a contact +72000 +72430 3 6 1000000000
a contact +72000 +72430 6 3 1000000000
a contact +76500 +76930 1 3 1000000000
a contact +76500 +76930 3 1 1000000000
a contact +76500 +76930 3 6 1000000000
a contact +76500 +76930 6 3 1000000000
a contact +81000 +81430 1 3 1000000000
a contact +81000 +81430 3 1 1000000000
a contact +81000 +81430 3 6 1000000000
a contact +81000 +81430 6 3 1000000000
a contact +85500 +85930 1 3 1000000000
a contact +85500 +85930 3 1 1000000000
a contact +85500 +85930 3 6 1000000000
a contact +85500 +85930 6 3 1000000000
a contact +90000 +90430 1 3 1000000000
a contact +90000 +90430 3 1 1000000000
a contact +90000 +90430 3 6 1000000000
a contact +90000 +90430 6 3 1000000000
a contact +94500 +94930 1 3 1000000000
a contact +94500 +94930 3 1 1000000000
a contact +94500 +94930 3 6 1000000000
a contact +94500 +94930 6 3 1000000000
a contact +99000 +99430 1 3 1000000000
a contact +99000 +99430 3 1 1000000000
a contact +99000 +99430 3 6 1000000000
a contact +99000 +99430 6 3 1000000000
a contact +103500 +103930 1 3 1000000000
a contact +103500 +103930 3 1 1000000000
a contact +103500 +103930 3 6 1000000000
a contact +103500 +103930 6 3 1000000000
a contact +108000 +108430 1 3 1000000000
a contact +108000 +108430 3 1 1000000000
a contact +108000 +108430 3 6 1000000000
a contact +108000 +108430 6 3 1000000000
a contact +112500 +112930 1 3 1000000000
a contact +112500 +112930 3 1 1000000000
a contact +112500 +112930 3 6 1000000000
a contact +112500 +112930 6 3 1000000000
a contact +117000 +117430 1 3 1000000000
a contact +117000 +117430 3 1 1000000000
a contact +117000 +117430 3 6 1000000000
a contact +117000 +117430 6 3 1000000000
a contact +121500 +121930 1 3 1000000000
a contact +121500 +121930 3 1 1000000000
a contact +121500 +121930 3 6 1000000000
a contact +121500 +121930 6 3 1000000000
a contact +126000 +126430 1 3 1000000000
a contact +126000 +126430 3 1 1000000000
a contact +126000 +126430 3 6 1000000000
a contact +126000 +126430 6 3 1000000000
a contact +130500 +130930 1 3 1000000000
a contact +130500 +130930 3 1 1000000000
a contact +130500 +130930 3 6 1000000000
a contact +130500 +130930 6 3 1000000000
a contact +135000 +135430 1 3 1000000000
a contact +135000 +135430 3 1 1000000000
a contact +135000 +135430 3 6 1000000000
a contact +135000 +135430 6 3 1000000000
a contact +139500 +139930 1 3 1000000000
a contact +139500 +139930 3 1 1000000000
a contact +139500 +139930 3 6 1000000000
a contact +139500 +139930 6 3 1000000000
a contact +144000 +144430 1 3 1000000000
a contact +144000 +144430 3 1 1000000000
a contact +144000 +144430 3 6 1000000000
a contact +144000 +144430 6 3 1000000000
a contact +148500 +148930 1 3 1000000000
a contact +148500 +148930 3 1 1000000000
a contact +148500 +148930 3 6 1000000000
a contact +148500 +148930 6 3 1000000000
a contact +153000 +153430 1 3 1000000000
a contact +153000 +153430 3 1 1000000000
a contact +153000 +153430 3 6 1000000000
a contact +153000 +153430 6 3 1000000000
a contact +157500 +157930 1 3 1000000000
a contact +157500 +157930 3 1 1000000000
a contact +157500 +157930 3 6 1000000000
a contact +157500 +157930 6 3 1000000000
a contact +162000 +162430 1 3 1000000000
a contact +162000 +162430 3 1 1000000000
a contact +162000 +162430 3 6 1000000000
a contact +162000 +162430 6 3 1000000000
a contact +166500 +166930 1 3 1000000000
a contact +166500 +166930 3 1 1000000000
a contact +166500 +166930 3 6 1000000000
a contact +166500 +166930 6 3 1000000000
a contact +171000 +171430 1 3 1000000000
a contact +171000 +171430 3 1 1000000000
a contact +171000 +171430 3 6 1000000000
a contact +171000 +171430 6 3 1000000000
a contact +175500 +175930 1 3 1000000000
a contact +175500 +175930 3 1 1000000000
a contact +175500 +175930 3 6 1000000000
a contact +175500 +175930 6 3 1000000000
a contact +180000 +180430 1 3 1000000000
a contact +180000 +180430 3 1 1000000000
a contact +180000 +180430 3 6 1000000000
a contact +180000 +180430 6 3 1000000000
a contact +184500 +184930 1 3 1000000000
a contact +184500 +184930 3 1 1000000000
a contact +184500 +184930 3 6 1000000000
a contact +184500 +184930 6 3 1000000000
a contact +189000 +189430 1 3 1000000000
a contact +189000 +189430 3 1 1000000000
a contact +189000 +189430 3 6 1000000000
a contact +189000 +189430 6 3 1000000000
a contact +193500 +193930 1 3 1000000000
a contact +193500 +193930 3 1 1000000000
a contact +193500 +193930 3 6 1000000000
a contact +193500 +193930 6 3 1000000000
a contact +198000 +198430 1 3 1000000000
a contact +198000 +198430 3 1 1000000000
a contact +198000 +198430 3 6 1000000000
a contact +198000 +198430 6 3 1000000000
a contact +202500 +202930 1 3 1000000000
a contact +202500 +202930 3 1 1000000000
a contact +202500 +202930 3 6 1000000000
a contact +202500 +202930 6 3 1000000000
a contact +207000 +207430 1 3 1000000000
a contact +207000 +207430 3 1 1000000000
a contact +207000 +207430 3 6 1000000000
a contact +207000 +207430 6 3 1000000000
a contact +211500 +211930 1 3 1000000000
a contact +211500 +211930 3 1 1000000000
a contact +211500 +211930 3 6 1000000000
a contact +211500 +211930 6 3 1000000000
a contact +216000 +216430 1 3 1000000000
a contact +216000 +216430 3 1 1000000000
a contact +216000 +216430 3 6 1000000000
a contact +216000 +216430 6 3 1000000000
a contact +220500 +220930 1 3 1000000000
a contact +220500 +220930 3 1 1000000000
a contact +220500 +220930 3 6 1000000000
a contact +220500 +220930 6 3 1000000000
a contact +225000 +225430 1 3 1000000000
a contact +225000 +225430 3 1 1000000000
a contact +225000 +225430 3 6 1000000000
a contact +225000 +225430 6 3 1000000000
a contact +229500 +229930 1 3 1000000000
a contact +229500 +229930 3 1 1000000000
a contact +229500 +229930 3 6 1000000000
a contact +229500 +229930 6 3 1000000000
a contact +234000 +234430 1 3 1000000000
a contact +234000 +234430 3 1 1000000000
a contact +234000 +234430 3 6 1000000000
a contact +234000 +234430 6 3 1000000000
a contact +238500 +238930 1 3 1000000000
a contact +238500 +238930 3 1 1000000000
a contact +238500 +238930 3 6 1000000000
a contact +238500 +238930 6 3 1000000000
a contact +243000 +243430 1 3 1000000000
a contact +243000 +243430 3 1 1000000000
a contact +243000 +243430 3 6 1000000000
a contact +243000 +243430 6 3 1000000000
a contact +247500 +247930 1 3 1000000000
a contact +247500 +247930 3 1 1000000000
a contact +247500 +247930 3 6 1000000000
a contact +247500 +247930 6 3 1000000000
a contact +252000 +252430 1 3 1000000000
a contact +252000 +252430 3 1 1000000000
a contact +252000 +252430 3 6 1000000000
a contact +252000 +252430 6 3 1000000000
a contact +256500 +256930 1 3 1000000000
a contact +256500 +256930 3 1 1000000000
a contact +256500 +256930 3 6 1000000000
a contact +256500 +256930 6 3 1000000000
a contact +261000 +261430 1 3 1000000000
a contact +261000 +261430 3 1 1000000000
a contact +261000 +261430 3 6 1000000000
a contact +261000 +261430 6 3 1000000000
a contact +265500 +265930 1 3 1000000000
a contact +265500 +265930 3 1 1000000000
a contact +265500 +265930 3 6 1000000000
a contact +265500 +265930 6 3 1000000000
a contact +270000 +270430 1 3 1000000000
a contact +270000 +270430 3 1 1000000000
a contact +270000 +270430 3 6 1000000000
a contact +270000 +270430 6 3 1000000000
a contact +274500 +274930 1 3 1000000000
a contact +274500 +274930 3 1 1000000000
a contact +274500 +274930 3 6 1000000000
a contact +274500 +274930 6 3 1000000000
a contact +279000 +279430 1 3 1000000000
a contact +279000 +279430 3 1 1000000000
a contact +279000 +279430 3 6 1000000000
a contact +279000 +279430 6 3 1000000000
a contact +283500 +283930 1 3 1000000000
a contact +283500 +283930 3 1 1000000000
a contact +283500 +283930 3 6 1000000000
a contact +283500 +283930 6 3 1000000000
a contact +288000 +288430 1 3 1000000000
a contact +288000 +288430 3 1 1000000000
a contact +288000 +288430 3 6 1000000000
a contact +288000 +288430 6 3 1000000000
a contact +292500 +292930 1 3 1000000000
a contact +292500 +292930 3 1 1000000000
a contact +292500 +292930 3 6 1000000000
a contact +292500 +292930 6 3 1000000000
a contact +297000 +297430 1 3 1000000000
a contact +297000 +297430 3 1 1000000000
a contact +297000 +297430 3 6 1000000000
a contact +297000 +297430 6 3 1000000000
a contact +301500 +301930 1 3 1000000000
a contact +301500 +301930 3 1 1000000000
a contact +301500 +301930 3 6 1000000000
a contact +301500 +301930 6 3 1000000000
a contact +306000 +306430 1 3 1000000000
a contact +306000 +306430 3 1 1000000000
a contact +306000 +306430 3 6 1000000000
a contact +306000 +306430 6 3 1000000000
a contact +310500 +310930 1 3 1000000000
a contact +310500 +310930 3 1 1000000000
a contact +310500 +310930 3 6 1000000000
a contact +310500 +310930 6 3 1000000000
a contact +315000 +315430 1 3 1000000000
a contact +315000 +315430 3 1 1000000000
a contact +315000 +315430 3 6 1000000000
a contact +315000 +315430 6 3 1000000000
a contact +319500 +319930 1 3 1000000000
a contact +319500 +319930 3 1 1000000000
a contact +319500 +319930 3 6 1000000000
a contact +319500 +319930 6 3 1000000000
a contact +324000 +324430 1 3 1000000000
a contact +324000 +324430 3 1 1000000000
a contact +324000 +324430 3 6 1000000000
a contact +324000 +324430 6 3 1000000000
a contact +328500 +328930 1 3 1000000000
a contact +328500 +328930 3 1 1000000000
a contact +328500 +328930 3 6 1000000000
a contact +328500 +328930 6 3 1000000000
a contact +333000 +333430 1 3 1000000000
a contact +333000 +333430 3 1 1000000000
a contact +333000 +333430 3 6 1000000000
a contact +333000 +333430 6 3 1000000000
a contact +337500 +337930 1 3 1000000000
a contact +337500 +337930 3 1 1000000000
a contact +337500 +337930 3 6 1000000000
a contact +337500 +337930 6 3 1000000000
a contact +342000 +342430 1 3 1000000000
a contact +342000 +342430 3 1 1000000000
a contact +342000 +342430 3 6 1000000000
a contact +342000 +342430 6 3 1000000000
a contact +0 +430 1 4 1000000000
a contact +0 +430 4 1 1000000000
a contact +0 +430 4 6 1000000000
a contact +0 +430 6 4 1000000000
a contact +5100 +5530 1 4 1000000000
a contact +5100 +5530 4 1 1000000000
a contact +5100 +5530 4 6 1000000000
a contact +5100 +5530 6 4 1000000000
a contact +10200 +10630 1 4 1000000000
a contact +10200 +10630 4 1 1000000000
a contact +10200 +10630 4 6 1000000000
a contact +10200 +10630 6 4 1000000000
a contact +15300 +15730 1 4 1000000000
a contact +15300 +15730 4 1 1000000000
a contact +15300 +15730 4 6 1000000000
a contact +15300 +15730 6 4 1000000000
a contact +20400 +20830 1 4 1000000000
a contact +20400 +20830 4 1 1000000000
a contact +20400 +20830 4 6 1000000000
a contact +20400 +20830 6 4 1000000000
a contact +25500 +25930 1 4 1000000000
a contact +25500 +25930 4 1 1000000000
a contact +25500 +25930 4 6 1000000000
a contact +25500 +25930 6 4 1000000000
a contact +30600 +31030 1 4 1000000000
a contact +30600 +31030 4 1 1000000000
a contact +30600 +31030 4 6 1000000000
a contact +30600 +31030 6 4 1000000000
a contact +35700 +36130 1 4 1000000000
a contact +35700 +36130 4 1 1000000000
a contact +35700 +36130 4 6 1000000000
a contact +35700 +36130 6 4 1000000000
a contact +40800 +41230 1 4 1000000000
a contact +40800 +41230 4 1 1000000000
a contact +40800 +41230 4 6 1000000000
a contact +40800 +41230 6 4 1000000000
a contact +45900 +46330 1 4 1000000000
a contact +45900 +46330 4 1 1000000000
a contact +45900 +46330 4 6 1000000000
a contact +45900 +46330 6 4 1000000000
a contact +51000 +51430 1 4 1000000000
a contact +51000 +51430 4 1 1000000000
a contact +51000 +51430 4 6 1000000000
a contact +51000 +51430 6 4 1000000000
a contact +56100 +56530 1 4 1000000000
a contact +56100 +56530 4 1 1000000000
a contact +56100 +56530 4 6 1000000000
a contact +56100 +56530 6 4 1000000000
a contact +61200 +61630 1 4 1000000000
a contact +61200 +61630 4 1 1000000000
a contact +61200 +61630 4 6 1000000000
a contact +61200 +61630 6 4 1000000000
a contact +66300 +66730 1 4 1000000000
a contact +66300 +66730 4 1 1000000000
a contact +66300 +66730 4 6 1000000000
a contact +66300 +66730 6 4 1000000000
a contact +71400 +71830 1 4 1000000000
a contact +71400 +71830 4 1 1000000000
a contact +71400 +71830 4 6 1000000000
a contact +71400 +71830 6 4 1000000000
a contact +76500 +76930 1 4 1000000000
a contact +76500 +76930 4 1 1000000000
a contact +76500 +76930 4 6 1000000000
a contact +76500 +76930 6 4 1000000000
a contact +81600 +82030 1 4 1000000000
a contact +81600 +82030 4 1 1000000000
a contact +81600 +82030 4 6 1000000000
a contact +81600 +82030 6 4 1000000000
a contact +86700 +87130 1 4 1000000000
a contact +86700 +87130 4 1 1000000000
a contact +86700 +87130 4 6 1000000000
a contact +86700 +87130 6 4 1000000000
a contact +91800 +92230 1 4 1000000000
a contact +91800 +92230 4 1 1000000000
a contact +91800 +92230 4 6 1000000000
a contact +91800 +92230 6 4 1000000000
a contact +96900 +97330 1 4 1000000000
a contact +96900 +97330 4 1 1000000000
a contact +96900 +97330 4 6 1000000000
a contact +96900 +97330 6 4 1000000000
a contact +102000 +102430 1 4 1000000000
a contact +102000 +102430 4 1 1000000000
a contact +102000 +102430 4 6 1000000000
a contact +102000 +102430 6 4 1000000000
a contact +107100 +107530 1 4 1000000000
a contact +107100 +107530 4 1 1000000000
a contact +107100 +107530 4 6 1000000000
a contact +107100 +107530 6 4 1000000000
a contact +112200 +112630 1 4 1000000000
a contact +112200 +112630 4 1 1000000000
a contact +112200 +112630 4 6 1000000000
a contact +112200 +112630 6 4 1000000000
a contact +117300 +117730 1 4 1000000000
a contact +117300 +117730 4 1 1000000000
a contact +117300 +117730 4 6 1000000000
a contact +117300 +117730 6 4 1000000000
a contact +122400 +122830 1 4 1000000000
a contact +122400 +122830 4 1 1000000000
a contact +122400 +122830 4 6 1000000000
a contact +122400 +122830 6 4 1000000000
a contact +127500 +127930 1 4 1000000000
a contact +127500 +127930 4 1 1000000000
a contact +127500 +127930 4 6 1000000000
a contact +127500 +127930 6 4 1000000000
a contact +132600 +133030 1 4 1000000000
a contact +132600 +133030 4 1 1000000000
a contact +132600 +133030 4 6 1000000000
a contact +132600 +133030 6 4 1000000000
a contact +137700 +138130 1 4 1000000000
a contact +137700 +138130 4 1 1000000000
a contact +137700 +138130 4 6 1000000000
a contact +137700 +138130 6 4 1000000000
a contact +142800 +143230 1 4 1000000000
a contact +142800 +143230 4 1 1000000000
a contact +142800 +143230 4 6 1000000000
a contact +142800 +143230 6 4 1000000000
a contact +147900 +148330 1 4 1000000000
a contact +147900 +148330 4 1 1000000000
a contact +147900 +148330 4 6 1000000000
a contact +147900 +148330 6 4 1000000000
a contact +153000 +153430 1 4 1000000000
a contact +153000 +153430 4 1 1000000000
a contact +153000 +153430 4 6 1000000000
a contact +153000 +153430 6 4 1000000000
a contact +158100 +158530 1 4 1000000000
a contact +158100 +158530 4 1 1000000000
a contact +158100 +158530 4 6 1000000000
a contact +158100 +158530 6 4 1000000000
a contact +163200 +163630 1 4 1000000000
a contact +163200 +163630 4 1 1000000000
a contact +163200 +163630 4 6 1000000000
a contact +163200 +163630 6 4 1000000000
a contact +168300 +168730 1 4 1000000000
a contact +168300 +168730 4 1 1000000000
a contact +168300 +168730 4 6 1000000000
a contact +168300 +168730 6 4 1000000000
a contact +173400 +173830 1 4 1000000000
a contact +173400 +173830 4 1 1000000000
a contact +173400 +173830 4 6 1000000000
a contact +173400 +173830 6 4 1000000000
a contact +178500 +178930 1 4 1000000000
a contact +178500 +178930 4 1 1000000000
a contact +178500 +178930 4 6 1000000000
a contact +178500 +178930 6 4 1000000000
a contact +183600 +184030 1 4 1000000000
a contact +183600 +184030 4 1 1000000000
a contact +183600 +184030 4 6 1000000000
a contact +183600 +184030 6 4 1000000000
a contact +188700 +189130 1 4 1000000000
a contact +188700 +189130 4 1 1000000000
a contact +188700 +189130 4 6 1000000000
a contact +188700 +189130 6 4 1000000000
a contact +193800 +194230 1 4 1000000000
a contact +193800 +194230 4 1 1000000000
a contact +193800 +194230 4 6 1000000000
a contact +193800 +194230 6 4 1000000000
a contact +198900 +199330 1 4 1000000000
a contact +198900 +199330 4 1 1000000000
a contact +198900 +199330 4 6 1000000000
a contact +198900 +199330 6 4 1000000000
a contact +204000 +204430 1 4 1000000000
a contact +204000 +204430 4 1 1000000000
a contact +204000 +204430 4 6 1000000000
a contact +204000 +204430 6 4 1000000000
a contact +209100 +209530 1 4 1000000000
a contact +209100 +209530 4 1 1000000000
a contact +209100 +209530 4 6 1000000000
a contact +209100 +209530 6 4 1000000000
a contact +214200 +214630 1 4 1000000000
a contact +214200 +214630 4 1 1000000000
a contact +214200 +214630 4 6 1000000000
a contact +214200 +214630 6 4 1000000000
a contact +219300 +219730 1 4 1000000000
a contact +219300 +219730 4 1 1000000000
a contact +219300 +219730 4 6 1000000000
a contact +219300 +219730 6 4 1000000000
a contact +224400 +224830 1 4 1000000000
a contact +224400 +224830 4 1 1000000000
a contact +224400 +224830 4 6 1000000000
a contact +224400 +224830 6 4 1000000000
a contact +229500 +229930 1 4 1000000000
a contact +229500 +229930 4 1 1000000000
a contact +229500 +229930 4 6 1000000000
a contact +229500 +229930 6 4 1000000000
a contact +234600 +235030 1 4 1000000000
a contact +234600 +235030 4 1 1000000000
a contact +234600 +235030 4 6 1000000000
a contact +234600 +235030 6 4 1000000000
a contact +239700 +240130 1 4 1000000000
a contact +239700 +240130 4 1 1000000000
a contact +239700 +240130 4 6 1000000000
a contact +239700 +240130 6 4 1000000000
a contact +244800 +245230 1 4 1000000000
a contact +244800 +245230 4 1 1000000000
a contact +244800 +245230 4 6 1000000000
a contact +244800 +245230 6 4 1000000000
a contact +249900 +250330 1 4 1000000000
a contact +249900 +250330 4 1 1000000000
a contact +249900 +250330 4 6 1000000000
a contact +249900 +250330 6 4 1000000000
a contact +255000 +255430 1 4 1000000000
a contact +255000 +255430 4 1 1000000000
a contact +255000 +255430 4 6 1000000000
a contact +255000 +255430 6 4 1000000000
a contact +260100 +260530 1 4 1000000000
a contact +260100 +260530 4 1 1000000000
a contact +260100 +260530 4 6 1000000000
a contact +260100 +260530 6 4 1000000000
a contact +265200 +265630 1 4 1000000000
a contact +265200 +265630 4 1 1000000000
a contact +265200 +265630 4 6 1000000000
a contact +265200 +265630 6 4 1000000000
a contact +270300 +270730 1 4 1000000000
a contact +270300 +270730 4 1 1000000000
a contact +270300 +270730 4 6 1000000000
a contact +270300 +270730 6 4 1000000000
a contact +275400 +275830 1 4 1000000000
a contact +275400 +275830 4 1 1000000000
a contact +275400 +275830 4 6 1000000000
a contact +275400 +275830 6 4 1000000000
a contact +280500 +280930 1 4 1000000000
a contact +280500 +280930 4 1 1000000000
a contact +280500 +280930 4 6 1000000000
a contact +280500 +280930 6 4 1000000000
a contact +285600 +286030 1 4 1000000000
a contact +285600 +286030 4 1 1000000000
a contact +285600 +286030 4 6 1000000000
a contact +285600 +286030 6 4 1000000000
a contact +290700 +291130 1 4 1000000000
a contact +290700 +291130 4 1 1000000000
a contact +290700 +291130 4 6 1000000000
a contact +290700 +291130 6 4 1000000000
a contact +295800 +296230 1 4 1000000000
a contact +295800 +296230 4 1 1000000000
a contact +295800 +296230 4 6 1000000000
a contact +295800 +296230 6 4 1000000000
a contact +300900 +301330 1 4 1000000000
a contact +300900 +301330 4 1 1000000000
a contact +300900 +301330 4 6 1000000000
a contact +300900 +301330 6 4 1000000000
a contact +306000 +306430 1 4 1000000000
a contact +306000 +306430 4 1 1000000000
a contact +306000 +306430 4 6 1000000000
a contact +306000 +306430 6 4 1000000000
a contact +311100 +311530 1 4 1000000000
a contact +311100 +311530 4 1 1000000000
a contact +311100 +311530 4 6 1000000000
a contact +311100 +311530 6 4 1000000000
a contact +316200 +316630 1 4 1000000000
a contact +316200 +316630 4 1 1000000000
a contact +316200 +316630 4 6 1000000000
a contact +316200 +316630 6 4 1000000000
a contact +321300 +321730 1 4 1000000000
a contact +321300 +321730 4 1 1000000000
a contact +321300 +321730 4 6 1000000000
a contact +321300 +321730 6 4 1000000000
a contact +326400 +326830 1 4 1000000000
a contact +326400 +326830 4 1 1000000000
a contact +326400 +326830 4 6 1000000000
a contact +326400 +326830 6 4 1000000000
a contact +331500 +331930 1 4 1000000000
a contact +331500 +331930 4 1 1000000000
a contact +331500 +331930 4 6 1000000000
a contact +331500 +331930 6 4 1000000000
a contact +336600 +337030 1 4 1000000000
a contact +336600 +337030 4 1 1000000000
a contact +336600 +337030 4 6 1000000000
a contact +336600 +337030 6 4 1000000000
a contact +341700 +342130 1 4 1000000000
a contact +341700 +342130 4 1 1000000000
a contact +341700 +342130 4 6 1000000000
a contact +341700 +342130 6 4 1000000000
a contact +0 +430 1 5 1000000000
a contact +0 +430 5 1 1000000000
a contact +0 +430 5 6 1000000000
a contact +0 +430 6 5 1000000000
a contact +4790 +5220 1 5 1000000000
a contact +4790 +5220 5 1 1000000000
a contact +4790 +5220 5 6 1000000000
a contact +4790 +5220 6 5 1000000000
a contact +9580 +10010 1 5 1000000000
a contact +9580 +10010 5 1 1000000000
a contact +9580 +10010 5 6 1000000000
a contact +9580 +10010 6 5 1000000000
a contact +14370 +14800 1 5 1000000000
a contact +14370 +14800 5 1 1000000000
a contact +14370 +14800 5 6 1000000000
a contact +14370 +14800 6 5 1000000000
a contact +19160 +19590 1 5 1000000000
a contact +19160 +19590 5 1 1000000000
a contact +19160 +19590 5 6 1000000000
a contact +19160 +19590 6 5 1000000000
a contact +23950 +24380 1 5 1000000000
a contact +23950 +24380 5 1 1000000000
a contact +23950 +24380 5 6 1000000000
a contact +23950 +24380 6 5 1000000000
a contact +28740 +29170 1 5 1000000000
a contact +28740 +29170 5 1 1000000000
a contact +28740 +29170 5 6 1000000000
a contact +28740 +29170 6 5 1000000000
a contact +33530 +33960 1 5 1000000000
a contact +33530 +33960 5 1 1000000000
a contact +33530 +33960 5 6 1000000000
a contact +33530 +33960 6 5 1000000000
a contact +38320 +38750 1 5 1000000000
a contact +38320 +38750 5 1 1000000000
a contact +38320 +38750 5 6 1000000000
a contact +38320 +38750 6 5 1000000000
a contact +43110 +43540 1 5 1000000000
a contact +43110 +43540 5 1 1000000000
a contact +43110 +43540 5 6 1000000000
a contact +43110 +43540 6 5 1000000000
a contact +47900 +48330 1 5 1000000000
a contact +47900 +48330 5 1 1000000000
a contact +47900 +48330 5 6 1000000000
a contact +47900 +48330 6 5 1000000000
a contact +52690 +53120 1 5 1000000000
a contact +52690 +53120 5 1 1000000000
a contact +52690 +53120 5 6 1000000000
a contact +52690 +53120 6 5 1000000000
a contact +57480 +57910 1 5 1000000000
a contact +57480 +57910 5 1 1000000000
a contact +57480 +57910 5 6 1000000000
a contact +57480 +57910 6 5 1000000000
a contact +62270 +62700 1 5 1000000000
a contact +62270 +62700 5 1 1000000000
a contact +62270 +62700 5 6 1000000000
a contact +62270 +62700 6 5 1000000000
a contact +67060 +67490 1 5 1000000000
a contact +67060 +67490 5 1 1000000000
a contact +67060 +67490 5 6 1000000000
a contact +67060 +67490 6 5 1000000000
a contact +71850 +72280 1 5 1000000000
a contact +71850 +72280 5 1 1000000000
a contact +71850 +72280 5 6 1000000000
a contact +71850 +72280 6 5 1000000000
a contact +76640 +77070 1 5 1000000000
a contact +76640 +77070 5 1 1000000000
a contact +76640 +77070 5 6 1000000000
a contact +76640 +77070 6 5 1000000000
a contact +81430 +81860 1 5 1000000000
a contact +81430 +81860 5 1 1000000000
a contact +81430 +81860 5 6 1000000000
a contact +81430 +81860 6 5 1000000000
a contact +86220 +86650 1 5 1000000000
a contact +86220 +86650 5 1 1000000000
a contact +86220 +86650 5 6 1000000000
a contact +86220 +86650 6 5 1000000000
a contact +91010 +91440 1 5 1000000000
a contact +91010 +91440 5 1 1000000000
a contact +91010 +91440 5 6 1000000000
a contact +91010 +91440 6 5 1000000000
a contact +95800 +96230 1 5 1000000000
a contact +95800 +96230 5 1 1000000000
a contact +95800 +96230 5 6 1000000000
a contact +95800 +96230 6 5 1000000000
a contact +100590 +101020 1 5 1000000000
a contact +100590 +101020 5 1 1000000000
a contact +100590 +101020 5 6 1000000000
a contact +100590 +101020 6 5 1000000000
a contact +105380 +105810 1 5 1000000000
a contact +105380 +105810 5 1 1000000000
a contact +105380 +105810 5 6 1000000000
a contact +105380 +105810 6 5 1000000000
a contact +110170 +110600 1 5 1000000000
a contact +110170 +110600 5 1 1000000000
a contact +110170 +110600 5 6 1000000000
a contact +110170 +110600 6 5 1000000000
a contact +114960 +115390 1 5 1000000000
a contact +114960 +115390 5 1 1000000000
a contact +114960 +115390 5 6 1000000000
a contact +114960 +115390 6 5 1000000000
a contact +119750 +120180 1 5 1000000000
a contact +119750 +120180 5 1 1000000000
a contact +119750 +120180 5 6 1000000000
a contact +119750 +120180 6 5 1000000000
a contact +124540 +124970 1 5 1000000000
a contact +124540 +124970 5 1 1000000000
a contact +124540 +124970 5 6 1000000000
a contact +124540 +124970 6 5 1000000000
a contact +129330 +129760 1 5 1000000000
a contact +129330 +129760 5 1 1000000000
a contact +129330 +129760 5 6 1000000000
a contact +129330 +129760 6 5 1000000000
a contact +134120 +134550 1 5 1000000000
a contact +134120 +134550 5 1 1000000000
a contact +134120 +134550 5 6 1000000000
a contact +134120 +134550 6 5 1000000000
a contact +138910 +139340 1 5 1000000000
a contact +138910 +139340 5 1 1000000000
a contact +138910 +139340 5 6 1000000000
a contact +138910 +139340 6 5 1000000000
a contact +143700 +144130 1 5 1000000000
a contact +143700 +144130 5 1 1000000000
a contact +143700 +144130 5 6 1000000000
a contact +143700 +144130 6 5 1000000000
a contact +148490 +148920 1 5 1000000000
a contact +148490 +148920 5 1 1000000000
a contact +148490 +148920 5 6 1000000000
a contact +148490 +148920 6 5 1000000000
a contact +153280 +153710 1 5 1000000000
a contact +153280 +153710 5 1 1000000000
a contact +153280 +153710 5 6 1000000000
a contact +153280 +153710 6 5 1000000000
a contact +158070 +158500 1 5 1000000000
a contact +158070 +158500 5 1 1000000000
a contact +158070 +158500 5 6 1000000000
a contact +158070 +158500 6 5 1000000000
a contact +162860 +163290 1 5 1000000000
a contact +162860 +163290 5 1 1000000000
a contact +162860 +163290 5 6 1000000000
a contact +162860 +163290 6 5 1000000000
a contact +167650 +168080 1 5 1000000000
a contact +167650 +168080 5 1 1000000000
a contact +167650 +168080 5 6 1000000000
a contact +167650 +168080 6 5 1000000000
a contact +172440 +172870 1 5 1000000000
a contact +172440 +172870 5 1 1000000000
a contact +172440 +172870 5 6 1000000000
a contact +172440 +172870 6 5 1000000000
a contact +177230 +177660 1 5 1000000000
a contact +177230 +177660 5 1 1000000000
a contact +177230 +177660 5 6 1000000000
a contact +177230 +177660 6 5 1000000000
a contact +182020 +182450 1 5 1000000000
a contact +182020 +182450 5 1 1000000000
a contact +182020 +182450 5 6 1000000000
a contact +182020 +182450 6 5 1000000000
a contact +186810 +187240 1 5 1000000000
a contact +186810 +187240 5 1 1000000000
a contact +186810 +187240 5 6 1000000000
a contact +186810 +187240 6 5 1000000000
a contact +191600 +192030 1 5 1000000000
a contact +191600 +192030 5 1 1000000000
a contact +191600 +192030 5 6 1000000000
a contact +191600 +192030 6 5 1000000000
a contact +196390 +196820 1 5 1000000000
a contact +196390 +196820 5 1 1000000000
a contact +196390 +196820 5 6 1000000000
a contact +196390 +196820 6 5 1000000000
a contact +201180 +201610 1 5 1000000000
a contact +201180 +201610 5 1 1000000000
a contact +201180 +201610 5 6 1000000000
a contact +201180 +201610 6 5 1000000000
a contact +205970 +206400 1 5 1000000000
a contact +205970 +206400 5 1 1000000000
a contact +205970 +206400 5 6 1000000000
a contact +205970 +206400 6 5 1000000000
a contact +210760 +211190 1 5 1000000000
a contact +210760 +211190 5 1 1000000000
a contact +210760 +211190 5 6 1000000000
a contact +210760 +211190 6 5 1000000000
a contact +215550 +215980 1 5 1000000000
a contact +215550 +215980 5 1 1000000000
a contact +215550 +215980 5 6 1000000000
a contact +215550 +215980 6 5 1000000000
a contact +220340 +220770 1 5 1000000000
a contact +220340 +220770 5 1 1000000000
a contact +220340 +220770 5 6 1000000000
a contact +220340 +220770 6 5 1000000000
a contact +225130 +225560 1 5 1000000000
a contact +225130 +225560 5 1 1000000000
a contact +225130 +225560 5 6 1000000000
a contact +225130 +225560 6 5 1000000000
a contact +229920 +230350 1 5 1000000000
a contact +229920 +230350 5 1 1000000000
a contact +229920 +230350 5 6 1000000000
a contact +229920 +230350 6 5 1000000000
a contact +234710 +235140 1 5 1000000000
a contact +234710 +235140 5 1 1000000000
a contact +234710 +235140 5 6 1000000000
a contact +234710 +235140 6 5 1000000000
a contact +239500 +239930 1 5 1000000000
a contact +239500 +239930 5 1 1000000000
a contact +239500 +239930 5 6 1000000000
a contact +239500 +239930 6 5 1000000000
a contact +244290 +244720 1 5 1000000000
a contact +244290 +244720 5 1 1000000000
a contact +244290 +244720 5 6 1000000000
a contact +244290 +244720 6 5 1000000000
a contact +249080 +249510 1 5 1000000000
a contact +249080 +249510 5 1 1000000000
a contact +249080 +249510 5 6 1000000000
a contact +249080 +249510 6 5 1000000000
a contact +253870 +254300 1 5 1000000000
a contact +253870 +254300 5 1 1000000000
a contact +253870 +254300 5 6 1000000000
a contact +253870 +254300 6 5 1000000000
a contact +258660 +259090 1 5 1000000000
a contact +258660 +259090 5 1 1000000000
a contact +258660 +259090 5 6 1000000000
a contact +258660 +259090 6 5 1000000000
a contact +263450 +263880 1 5 1000000000
a contact +263450 +263880 5 1 1000000000
a contact +263450 +263880 5 6 1000000000
a contact +263450 +263880 6 5 1000000000
a contact +268240 +268670 1 5 1000000000
a contact +268240 +268670 5 1 1000000000
a contact +268240 +268670 5 6 1000000000
a contact +268240 +268670 6 5 1000000000
a contact +273030 +273460 1 5 1000000000
a contact +273030 +273460 5 1 1000000000
a contact +273030 +273460 5 6 1000000000
a contact +273030 +273460 6 5 1000000000
a contact +277820 +278250 1 5 1000000000
a contact +277820 +278250 5 1 1000000000
a contact +277820 +278250 5 6 1000000000
a contact +277820 +278250 6 5 1000000000
a contact +282610 +283040 1 5 1000000000
a contact +282610 +283040 5 1 1000000000
a contact +282610 +283040 5 6 1000000000
a contact +282610 +283040 6 5 1000000000
a contact +287400 +287830 1 5 1000000000
a contact +287400 +287830 5 1 1000000000
a contact +287400 +287830 5 6 1000000000
a contact +287400 +287830 6 5 1000000000
a contact +292190 +292620 1 5 1000000000
a contact +292190 +292620 5 1 1000000000
a contact +292190 +292620 5 6 1000000000
a contact +292190 +292620 6 5 1000000000
a contact +296980 +297410 1 5 1000000000
a contact +296980 +297410 5 1 1000000000
a contact +296980 +297410 5 6 1000000000
a contact +296980 +297410 6 5 1000000000
a contact +301770 +302200 1 5 1000000000
a contact +301770 +302200 5 1 1000000000
a contact +301770 +302200 5 6 1000000000
a contact +301770 +302200 6 5 1000000000
a contact +306560 +306990 1 5 1000000000
a contact +306560 +306990 5 1 1000000000
a contact +306560 +306990 5 6 1000000000
a contact +306560 +306990 6 5 1000000000
a contact +311350 +311780 1 5 1000000000
a contact +311350 +311780 5 1 1000000000
a contact +311350 +311780 5 6 1000000000
a contact +311350 +311780 6 5 1000000000
a contact +316140 +316570 1 5 1000000000
a contact +316140 +316570 5 1 1000000000
a contact +316140 +316570 5 6 1000000000
a contact +316140 +316570 6 5 1000000000
a contact +320930 +321360 1 5 1000000000
a contact +320930 +321360 5 1 1000000000
a contact +320930 +321360 5 6 1000000000
a contact +320930 +321360 6 5 1000000000
a contact +325720 +326150 1 5 1000000000
a contact +325720 +326150 5 1 1000000000
a contact +325720 +326150 5 6 1000000000
a contact +325720 +326150 6 5 1000000000
a contact +330510 +330940 1 5 1000000000
a contact +330510 +330940 5 1 1000000000
a contact +330510 +330940 5 6 1000000000
a contact +330510 +330940 6 5 1000000000
a contact +335300 +335730 1 5 1000000000
a contact +335300 +335730 5 1 1000000000
a contact +335300 +335730 5 6 1000000000
a contact +335300 +335730 6 5 1000000000
a contact +340090 +340520 1 5 1000000000
a contact +340090 +340520 5 1 1000000000
a contact +340090 +340520 5 6 1000000000
a contact +340090 +340520 6 5 1000000000
