m horizon +344160
a contact +0 +430 1 2 1000000000
a contact +0 +430 2 1 1000000000
a contact +5736 +6166 1 2 1000000000
a contact +5736 +6166 2 1 1000000000
a contact +11472 +11902 1 2 1000000000
a contact +11472 +11902 2 1 1000000000
a contact +17208 +17638 1 2 1000000000
a contact +17208 +17638 2 1 1000000000
a contact +22944 +23374 1 2 1000000000
a contact +22944 +23374 2 1 1000000000
a contact +28680 +29110 1 2 1000000000
a contact +28680 +29110 2 1 1000000000
a contact +34416 +34846 1 2 1000000000
a contact +34416 +34846 2 1 1000000000
a contact +40152 +40582 1 2 1000000000
a contact +40152 +40582 2 1 1000000000
a contact +45888 +46318 1 2 1000000000
a contact +45888 +46318 2 1 1000000000
a contact +51624 +52054 1 2 1000000000
a contact +51624 +52054 2 1 1000000000
a contact +57360 +57790 1 2 1000000000
a contact +57360 +57790 2 1 1000000000
a contact +63096 +63526 1 2 1000000000
a contact +63096 +63526 2 1 1000000000
a contact +68832 +69262 1 2 1000000000
a contact +68832 +69262 2 1 1000000000
a contact +74568 +74998 1 2 1000000000
a contact +74568 +74998 2 1 1000000000
a contact +80304 +80734 1 2 1000000000
a contact +80304 +80734 2 1 1000000000
a contact +86040 +86470 1 2 1000000000
a contact +86040 +86470 2 1 1000000000
a contact +91776 +92206 1 2 1000000000
a contact +91776 +92206 2 1 1000000000
a contact +97512 +97942 1 2 1000000000
a contact +97512 +97942 2 1 1000000000
a contact +103248 +103678 1 2 1000000000
a contact +103248 +103678 2 1 1000000000
a contact +108984 +109414 1 2 1000000000
a contact +108984 +109414 2 1 1000000000
a contact +114720 +115150 1 2 1000000000
a contact +114720 +115150 2 1 1000000000
a contact +120456 +120886 1 2 1000000000
a contact +120456 +120886 2 1 1000000000
a contact +126192 +126622 1 2 1000000000
a contact +126192 +126622 2 1 1000000000
a contact +131928 +132358 1 2 1000000000
a contact +131928 +132358 2 1 1000000000
a contact +137664 +138094 1 2 1000000000
a contact +137664 +138094 2 1 1000000000
a contact +143400 +143830 1 2 1000000000
a contact +143400 +143830 2 1 1000000000
a contact +149136 +149566 1 2 1000000000
a contact +149136 +149566 2 1 1000000000
a contact +154872 +155302 1 2 1000000000
a contact +154872 +155302 2 1 1000000000
a contact +160608 +161038 1 2 1000000000
a contact +160608 +161038 2 1 1000000000
a contact +166344 +166774 1 2 1000000000
a contact +166344 +166774 2 1 1000000000
a contact +172080 +172510 1 2 1000000000
a contact +172080 +172510 2 1 1000000000
a contact +177816 +178246 1 2 1000000000
a contact +177816 +178246 2 1 1000000000
a contact +183552 +183982 1 2 1000000000
a contact +183552 +183982 2 1 1000000000
a contact +189288 +189718 1 2 1000000000
a contact +189288 +189718 2 1 1000000000
a contact +195024 +195454 1 2 1000000000
a contact +195024 +195454 2 1 1000000000
a contact +200760 +201190 1 2 1000000000
a contact +200760 +201190 2 1 1000000000
a contact +206496 +206926 1 2 1000000000
a contact +206496 +206926 2 1 1000000000
a contact +212232 +212662 1 2 1000000000
a contact +212232 +212662 2 1 1000000000
a contact +217968 +218398 1 2 1000000000
a contact +217968 +218398 2 1 1000000000
a contact +223704 +224134 1 2 1000000000
a contact +223704 +224134 2 1 1000000000
a contact +229440 +229870 1 2 1000000000
a contact +229440 +229870 2 1 1000000000
a contact +235176 +235606 1 2 1000000000
a contact +235176 +235606 2 1 1000000000
a contact +240912 +241342 1 2 1000000000
a contact +240912 +241342 2 1 1000000000
a contact +246648 +247078 1 2 1000000000
a contact +246648 +247078 2 1 1000000000
a contact +252384 +252814 1 2 1000000000
a contact +252384 +252814 2 1 1000000000
a contact +258120 +258550 1 2 1000000000
a contact +258120 +258550 2 1 1000000000
a contact +263856 +264286 1 2 1000000000
a contact +263856 +264286 2 1 1000000000
a contact +269592 +270022 1 2 1000000000
a contact +269592 +270022 2 1 1000000000
a contact +275328 +275758 1 2 1000000000
a contact +275328 +275758 2 1 1000000000
a contact +281064 +281494 1 2 1000000000
a contact +281064 +281494 2 1 1000000000
a contact +286800 +287230 1 2 1000000000
a contact +286800 +287230 2 1 1000000000
a contact +292536 +292966 1 2 1000000000
a contact +292536 +292966 2 1 1000000000
a contact +298272 +298702 1 2 1000000000
a contact +298272 +298702 2 1 1000000000
a contact +304008 +304438 1 2 1000000000
a contact +304008 +304438 2 1 1000000000
a contact +309744 +310174 1 2 1000000000
a contact +309744 +310174 2 1 1000000000
a contact +315480 +315910 1 2 1000000000
a contact +315480 +315910 2 1 1000000000
a contact +321216 +321646 1 2 1000000000
a contact +321216 +321646 2 1 1000000000
a contact +326952 +327382 1 2 1000000000
a contact +326952 +327382 2 1 1000000000
a contact +332688 +333118 1 2 1000000000
a contact +332688 +333118 2 1 1000000000
a contact +338424 +338854 1 2 1000000000
a contact +338424 +338854 2 1 1000000000
a contact +2868 +3298 2 3 1000000000
a contact +2868 +3298 3 2 1000000000
a contact +8604 +9034 2 3 1000000000
a contact +8604 +9034 3 2 1000000000
a contact +14340 +14770 2 3 1000000000
a contact +14340 +14770 3 2 1000000000
a contact +20076 +20506 2 3 1000000000
a contact +20076 +20506 3 2 1000000000
a contact +25812 +26242 2 3 1000000000
a contact +25812 +26242 3 2 1000000000
a contact +31548 +31978 2 3 1000000000
a contact +31548 +31978 3 2 1000000000
a contact +37284 +37714 2 3 1000000000
a contact +37284 +37714 3 2 1000000000
a contact +43020 +43450 2 3 1000000000
a contact +43020 +43450 3 2 1000000000
a contact +48756 +49186 2 3 1000000000
a contact +48756 +49186 3 2 1000000000
a contact +54492 +54922 2 3 1000000000
a contact +54492 +54922 3 2 1000000000
a contact +60228 +60658 2 3 1000000000
a contact +60228 +60658 3 2 1000000000
a contact +65964 +66394 2 3 1000000000
a contact +65964 +66394 3 2 1000000000
a contact +71700 +72130 2 3 1000000000
a contact +71700 +72130 3 2 1000000000
a contact +77436 +77866 2 3 1000000000
a contact +77436 +77866 3 2 1000000000
a contact +83172 +83602 2 3 1000000000
a contact +83172 +83602 3 2 1000000000
a contact +88908 +89338 2 3 1000000000
a contact +88908 +89338 3 2 1000000000
a contact +94644 +95074 2 3 1000000000
a contact +94644 +95074 3 2 1000000000
a contact +100380 +100810 2 3 1000000000
a contact +100380 +100810 3 2 1000000000
a contact +106116 +106546 2 3 1000000000
a contact +106116 +106546 3 2 1000000000
a contact +111852 +112282 2 3 1000000000
a contact +111852 +112282 3 2 1000000000
a contact +117588 +118018 2 3 1000000000
a contact +117588 +118018 3 2 1000000000
a contact +123324 +123754 2 3 1000000000
a contact +123324 +123754 3 2 1000000000
a contact +129060 +129490 2 3 1000000000
a contact +129060 +129490 3 2 1000000000
a contact +134796 +135226 2 3 1000000000
a contact +134796 +135226 3 2 1000000000
a contact +140532 +140962 2 3 1000000000
a contact +140532 +140962 3 2 1000000000
a contact +146268 +146698 2 3 1000000000
a contact +146268 +146698 3 2 1000000000
a contact +152004 +152434 2 3 1000000000
a contact +152004 +152434 3 2 1000000000
a contact +157740 +158170 2 3 1000000000
a contact +157740 +158170 3 2 1000000000
a contact +163476 +163906 2 3 1000000000
a contact +163476 +163906 3 2 1000000000
a contact +169212 +169642 2 3 1000000000
a contact +169212 +169642 3 2 1000000000
a contact +174948 +175378 2 3 1000000000
a contact +174948 +175378 3 2 1000000000
a contact +180684 +181114 2 3 1000000000
a contact +180684 +181114 3 2 1000000000
a contact +186420 +186850 2 3 1000000000
a contact +186420 +186850 3 2 1000000000
a contact +192156 +192586 2 3 1000000000
a contact +192156 +192586 3 2 1000000000
a contact +197892 +198322 2 3 1000000000
a contact +197892 +198322 3 2 1000000000
a contact +203628 +204058 2 3 1000000000
a contact +203628 +204058 3 2 1000000000
a contact +209364 +209794 2 3 1000000000
a contact +209364 +209794 3 2 1000000000
a contact +215100 +215530 2 3 1000000000
a contact +215100 +215530 3 2 1000000000
a contact +220836 +221266 2 3 1000000000
a contact +220836 +221266 3 2 1000000000
a contact +226572 +227002 2 3 1000000000
a contact +226572 +227002 3 2 1000000000
a contact +232308 +232738 2 3 1000000000
a contact +232308 +232738 3 2 1000000000
a contact +238044 +238474 2 3 1000000000
a contact +238044 +238474 3 2 1000000000
a contact +243780 +244210 2 3 1000000000
a contact +243780 +244210 3 2 1000000000
a contact +249516 +249946 2 3 1000000000
a contact +249516 +249946 3 2 1000000000
a contact +255252 +255682 2 3 1000000000
a contact +255252 +255682 3 2 1000000000
a contact +260988 +261418 2 3 1000000000
a contact +260988 +261418 3 2 1000000000
a contact +266724 +267154 2 3 1000000000
a contact +266724 +267154 3 2 1000000000
a contact +272460 +272890 2 3 1000000000
a contact +272460 +272890 3 2 1000000000
a contact +278196 +278626 2 3 1000000000
a contact +278196 +278626 3 2 1000000000
a contact +283932 +284362 2 3 1000000000
a contact +283932 +284362 3 2 1000000000
a contact +289668 +290098 2 3 1000000000
a contact +289668 +290098 3 2 1000000000
a contact +295404 +295834 2 3 1000000000
a contact +295404 +295834 3 2 1000000000
a contact +301140 +301570 2 3 1000000000
a contact +301140 +301570 3 2 1000000000
a contact +306876 +307306 2 3 1000000000
a contact +306876 +307306 3 2 1000000000
a contact +312612 +313042 2 3 1000000000
a contact +312612 +313042 3 2 1000000000
a contact +318348 +318778 2 3 1000000000
a contact +318348 +318778 3 2 1000000000
a contact +324084 +324514 2 3 1000000000
a contact +324084 +324514 3 2 1000000000
a contact +329820 +330250 2 3 1000000000
a contact +329820 +330250 3 2 1000000000
a contact +335556 +335986 2 3 1000000000
a contact +335556 +335986 3 2 1000000000
a contact +341292 +341722 2 3 1000000000
a contact +341292 +341722 3 2 1000000000
