m horizon +344160
a contact +0 +430 1 2 1000000000
a contact +0 +430 2 1 1000000000
a contact +5736 +6166 1 2 1000000000
a contact +5736 +6166 2 1 1000000000
a contact +11472 +11902 1 2 1000000000
a contact +11472 +11902 2 1 1000000000
a contact +17208 +17638 1 2 1000000000
a contact +17208 +17638 2 1 1000000000
a contact +22944 +23374 1 2 1000000000
a contact +22944 +23374 2 1 1000000000
a contact +28680 +29110 1 2 1000000000
a contact +28680 +29110 2 1 1000000000
a contact +34416 +34846 1 2 1000000000
a contact +34416 +34846 2 1 1000000000
a contact +40152 +40582 1 2 1000000000
a contact +40152 +40582 2 1 1000000000
a contact +45888 +46318 1 2 1000000000
a contact +45888 +46318 2 1 1000000000
a contact +51624 +52054 1 2 1000000000
a contact +51624 +52054 2 1 1000000000
a contact +57360 +57790 1 2 1000000000
a contact +57360 +57790 2 1 1000000000
a contact +63096 +63526 1 2 1000000000
a contact +63096 +63526 2 1 1000000000
a contact +68832 +69262 1 2 1000000000
a contact +68832 +69262 2 1 1000000000
a contact +74568 +74998 1 2 1000000000
a contact +74568 +74998 2 1 1000000000
a contact +80304 +80734 1 2 1000000000
a contact +80304 +80734 2 1 1000000000
a contact +86040 +86470 1 2 1000000000
a contact +86040 +86470 2 1 1000000000
a contact +91776 +92206 1 2 1000000000
a contact +91776 +92206 2 1 1000000000
a contact +97512 +97942 1 2 1000000000
a contact +97512 +97942 2 1 1000000000
a contact +103248 +103678 1 2 1000000000
a contact +103248 +103678 2 1 1000000000
a contact +108984 +109414 1 2 1000000000
a contact +108984 +109414 2 1 1000000000
a contact +114720 +115150 1 2 1000000000
a contact +114720 +115150 2 1 1000000000
a contact +120456 +120886 1 2 1000000000
a contact +120456 +120886 2 1 1000000000
a contact +126192 +126622 1 2 1000000000
a contact +126192 +126622 2 1 1000000000
a contact +131928 +132358 1 2 1000000000
a contact +131928 +132358 2 1 1000000000
a contact +137664 +138094 1 2 1000000000
a contact +137664 +138094 2 1 1000000000
a contact +143400 +143830 1 2 1000000000
a contact +143400 +143830 2 1 1000000000
a contact +149136 +149566 1 2 1000000000
a contact +149136 +149566 2 1 1000000000
a contact +154872 +155302 1 2 1000000000
a contact +154872 +155302 2 1 1000000000
a contact +160608 +161038 1 2 1000000000
a contact +160608 +161038 2 1 1000000000
a contact +166344 +166774 1 2 1000000000
a contact +166344 +166774 2 1 1000000000
a contact +172080 +172510 1 2 1000000000
a contact +172080 +172510 2 1 1000000000
a contact +177816 +178246 1 2 1000000000
a contact +177816 +178246 2 1 1000000000
a contact +183552 +183982 1 2 1000000000
a contact +183552 +183982 2 1 1000000000
a contact +189288 +189718 1 2 1000000000
a contact +189288 +189718 2 1 1000000000
a contact +195024 +195454 1 2 1000000000
a contact +195024 +195454 2 1 1000000000
a contact +200760 +201190 1 2 1000000000
a contact +200760 +201190 2 1 1000000000
a contact +206496 +206926 1 2 1000000000
a contact +206496 +206926 2 1 1000000000
a contact +212232 +212662 1 2 1000000000
a contact +212232 +212662 2 1 1000000000
a contact +217968 +218398 1 2 1000000000
a contact +217968 +218398 2 1 1000000000
a contact +223704 +224134 1 2 1000000000
a contact +223704 +224134 2 1 1000000000
a contact +229440 +229870 1 2 1000000000
a contact +229440 +229870 2 1 1000000000
a contact +235176 +235606 1 2 1000000000
a contact +235176 +235606 2 1 1000000000
a contact +240912 +241342 1 2 1000000000
a contact +240912 +241342 2 1 1000000000
a contact +246648 +247078 1 2 1000000000
a contact +246648 +247078 2 1 1000000000
a contact +252384 +252814 1 2 1000000000
a contact +252384 +252814 2 1 1000000000
a contact +258120 +258550 1 2 1000000000
a contact +258120 +258550 2 1 1000000000
a contact +263856 +264286 1 2 1000000000
a contact +263856 +264286 2 1 1000000000
a contact +269592 +270022 1 2 1000000000
a contact +269592 +270022 2 1 1000000000
a contact +275328 +275758 1 2 1000000000
a contact +275328 +275758 2 1 1000000000
a contact +281064 +281494 1 2 1000000000
a contact +281064 +281494 2 1 1000000000
a contact +286800 +287230 1 2 1000000000
a contact +286800 +287230 2 1 1000000000
a contact +292536 +292966 1 2 1000000000
a contact +292536 +292966 2 1 1000000000
a contact +298272 +298702 1 2 1000000000
a contact +298272 +298702 2 1 1000000000
a contact +304008 +304438 1 2 1000000000
a contact +304008 +304438 2 1 1000000000
a contact +309744 +310174 1 2 1000000000
a contact +309744 +310174 2 1 1000000000
a contact +315480 +315910 1 2 1000000000
a contact +315480 +315910 2 1 1000000000
a contact +321216 +321646 1 2 1000000000
a contact +321216 +321646 2 1 1000000000
a contact +326952 +327382 1 2 1000000000
a contact +326952 +327382 2 1 1000000000
a contact +332688 +333118 1 2 1000000000
a contact +332688 +333118 2 1 1000000000
a contact +338424 +338854 1 2 1000000000
a contact +338424 +338854 2 1 1000000000
a contact +0 +338 2 3 1000000000
a contact +0 +338 3 2 1000000000
a contact +4500 +4838 2 3 1000000000
a contact +4500 +4838 3 2 1000000000
a contact +9000 +9338 2 3 1000000000
a contact +9000 +9338 3 2 1000000000
a contact +13500 +13838 2 3 1000000000
a contact +13500 +13838 3 2 1000000000
a contact +18000 +18338 2 3 1000000000
a contact +18000 +18338 3 2 1000000000
a contact +22500 +22838 2 3 1000000000
a contact +22500 +22838 3 2 1000000000
a contact +27000 +27338 2 3 1000000000
a contact +27000 +27338 3 2 1000000000
a contact +31500 +31838 2 3 1000000000
a contact +31500 +31838 3 2 1000000000
a contact +36000 +36338 2 3 1000000000
a contact +36000 +36338 3 2 1000000000
a contact +40500 +40838 2 3 1000000000
a contact +40500 +40838 3 2 1000000000
a contact +45000 +45338 2 3 1000000000
a contact +45000 +45338 3 2 1000000000
a contact +49500 +49838 2 3 1000000000
a contact +49500 +49838 3 2 1000000000
a contact +54000 +54338 2 3 1000000000
a contact +54000 +54338 3 2 1000000000
a contact +58500 +58838 2 3 1000000000
a contact +58500 +58838 3 2 1000000000
a contact +63000 +63338 2 3 1000000000
a contact +63000 +63338 3 2 1000000000
a contact +67500 +67838 2 3 1000000000
a contact +67500 +67838 3 2 1000000000
a contact +72000 +72338 2 3 1000000000
a contact +72000 +72338 3 2 1000000000
a contact +76500 +76838 2 3 1000000000
a contact +76500 +76838 3 2 1000000000
a contact +81000 +81338 2 3 1000000000
a contact +81000 +81338 3 2 1000000000
a contact +85500 +85838 2 3 1000000000
a contact +85500 +85838 3 2 1000000000
a contact +90000 +90338 2 3 1000000000
a contact +90000 +90338 3 2 1000000000
a contact +94500 +94838 2 3 1000000000
a contact +94500 +94838 3 2 1000000000
a contact +99000 +99338 2 3 1000000000
a contact +99000 +99338 3 2 1000000000
a contact +103500 +103838 2 3 1000000000
a contact +103500 +103838 3 2 1000000000
a contact +108000 +108338 2 3 1000000000
a contact +108000 +108338 3 2 1000000000
a contact +112500 +112838 2 3 1000000000
a contact +112500 +112838 3 2 1000000000
a contact +117000 +117338 2 3 1000000000
a contact +117000 +117338 3 2 1000000000
a contact +121500 +121838 2 3 1000000000
a contact +121500 +121838 3 2 1000000000
a contact +126000 +126338 2 3 1000000000
a contact +126000 +126338 3 2 1000000000
a contact +130500 +130838 2 3 1000000000
a contact +130500 +130838 3 2 1000000000
a contact +135000 +135338 2 3 1000000000
a contact +135000 +135338 3 2 1000000000
a contact +139500 +139838 2 3 1000000000
a contact +139500 +139838 3 2 1000000000
a contact +144000 +144338 2 3 1000000000
a contact +144000 +144338 3 2 1000000000
a contact +148500 +148838 2 3 1000000000
a contact +148500 +148838 3 2 1000000000
a contact +153000 +153338 2 3 1000000000
a contact +153000 +153338 3 2 1000000000
a contact +157500 +157838 2 3 1000000000
a contact +157500 +157838 3 2 1000000000
a contact +162000 +162338 2 3 1000000000
a contact +162000 +162338 3 2 1000000000
a contact +166500 +166838 2 3 1000000000
a contact +166500 +166838 3 2 1000000000
a contact +171000 +171338 2 3 1000000000
a contact +171000 +171338 3 2 1000000000
a contact +175500 +175838 2 3 1000000000
a contact +175500 +175838 3 2 1000000000
a contact +180000 +180338 2 3 1000000000
a contact +180000 +180338 3 2 1000000000
a contact +184500 +184838 2 3 1000000000
a contact +184500 +184838 3 2 1000000000
a contact +189000 +189338 2 3 1000000000
a contact +189000 +189338 3 2 1000000000
a contact +193500 +193838 2 3 1000000000
a contact +193500 +193838 3 2 1000000000
a contact +198000 +198338 2 3 1000000000
a contact +198000 +198338 3 2 1000000000
a contact +202500 +202838 2 3 1000000000
a contact +202500 +202838 3 2 1000000000
a contact +207000 +207338 2 3 1000000000
a contact +207000 +207338 3 2 1000000000
a contact +211500 +211838 2 3 1000000000
a contact +211500 +211838 3 2 1000000000
a contact +216000 +216338 2 3 1000000000
a contact +216000 +216338 3 2 1000000000
a contact +220500 +220838 2 3 1000000000
a contact +220500 +220838 3 2 1000000000
a contact +225000 +225338 2 3 1000000000
a contact +225000 +225338 3 2 1000000000
a contact +229500 +229838 2 3 1000000000
a contact +229500 +229838 3 2 1000000000
a contact +234000 +234338 2 3 1000000000
a contact +234000 +234338 3 2 1000000000
a contact +238500 +238838 2 3 1000000000
a contact +238500 +238838 3 2 1000000000
a contact +243000 +243338 2 3 1000000000
a contact +243000 +243338 3 2 1000000000
a contact +247500 +247838 2 3 1000000000
a contact +247500 +247838 3 2 1000000000
a contact +252000 +252338 2 3 1000000000
a contact +252000 +252338 3 2 1000000000
a contact +256500 +256838 2 3 1000000000
a contact +256500 +256838 3 2 1000000000
a contact +261000 +261338 2 3 1000000000
a contact +261000 +261338 3 2 1000000000
a contact +265500 +265838 2 3 1000000000
a contact +265500 +265838 3 2 1000000000
a contact +270000 +270338 2 3 1000000000
a contact +270000 +270338 3 2 1000000000
a contact +274500 +274838 2 3 1000000000
a contact +274500 +274838 3 2 1000000000
a contact +279000 +279338 2 3 1000000000
a contact +279000 +279338 3 2 1000000000
a contact +283500 +283838 2 3 1000000000
a contact +283500 +283838 3 2 1000000000
a contact +288000 +288338 2 3 1000000000
a contact +288000 +288338 3 2 1000000000
a contact +292500 +292838 2 3 1000000000
a contact +292500 +292838 3 2 1000000000
a contact +297000 +297338 2 3 1000000000
a contact +297000 +297338 3 2 1000000000
a contact +301500 +301838 2 3 1000000000
a contact +301500 +301838 3 2 1000000000
a contact +306000 +306338 2 3 1000000000
a contact +306000 +306338 3 2 1000000000
a contact +310500 +310838 2 3 1000000000
a contact +310500 +310838 3 2 1000000000
a contact +315000 +315338 2 3 1000000000
a contact +315000 +315338 3 2 1000000000
a contact +319500 +319838 2 3 1000000000
a contact +319500 +319838 3 2 1000000000
a contact +324000 +324338 2 3 1000000000
a contact +324000 +324338 3 2 1000000000
a contact +328500 +328838 2 3 1000000000
a contact +328500 +328838 3 2 1000000000
a contact +333000 +333338 2 3 1000000000
a contact +333000 +333338 3 2 1000000000
a contact +337500 +337838 2 3 1000000000
a contact +337500 +337838 3 2 1000000000
a contact +342000 +342338 2 3 1000000000
a contact +342000 +342338 3 2 1000000000
