m horizon +922364
a contact +0 +430 1 2 1000000000
a contact +0 +430 2 1 1000000000
a contact +4740 +5170 1 2 1000000000
a contact +4740 +5170 2 1 1000000000
a contact +28443 +28873 1 2 1000000000
a contact +28443 +28873 2 1 1000000000
a contact +32033 +32463 1 2 1000000000
a contact +32033 +32463 2 1 1000000000
a contact +37477 +37907 1 2 1000000000
a contact +37477 +37907 2 1 1000000000
a contact +42465 +42895 1 2 1000000000
a contact +42465 +42895 2 1 1000000000
a contact +49000 +49430 1 2 1000000000
a contact +49000 +49430 2 1 1000000000
a contact +53180 +53610 1 2 1000000000
a contact +53180 +53610 2 1 1000000000
a contact +60236 +60666 1 2 1000000000
a contact +60236 +60666 2 1 1000000000
a contact +68132 +68562 1 2 1000000000
a contact +68132 +68562 2 1 1000000000
a contact +72798 +73228 1 2 1000000000
a contact +72798 +73228 2 1 1000000000
a contact +76991 +77421 1 2 1000000000
a contact +76991 +77421 2 1 1000000000
a contact +83823 +84253 1 2 1000000000
a contact +83823 +84253 2 1 1000000000
a contact +88043 +88473 1 2 1000000000
a contact +88043 +88473 2 1 1000000000
a contact +93109 +93539 1 2 1000000000
a contact +93109 +93539 2 1 1000000000
a contact +96492 +96922 1 2 1000000000
a contact +96492 +96922 2 1 1000000000
a contact +105512 +105942 1 2 1000000000
a contact +105512 +105942 2 1 1000000000
a contact +108866 +109296 1 2 1000000000
a contact +108866 +109296 2 1 1000000000
a contact +113628 +114058 1 2 1000000000
a contact +113628 +114058 2 1 1000000000
a contact +118012 +118442 1 2 1000000000
a contact +118012 +118442 2 1 1000000000
a contact +125336 +125766 1 2 1000000000
a contact +125336 +125766 2 1 1000000000
a contact +129130 +129560 1 2 1000000000
a contact +129130 +129560 2 1 1000000000
a contact +135718 +136148 1 2 1000000000
a contact +135718 +136148 2 1 1000000000
a contact +140865 +141295 1 2 1000000000
a contact +140865 +141295 2 1 1000000000
a contact +157198 +157628 1 2 1000000000
a contact +157198 +157628 2 1 1000000000
a contact +162358 +162788 1 2 1000000000
a contact +162358 +162788 2 1 1000000000
a contact +165728 +166158 1 2 1000000000
a contact +165728 +166158 2 1 1000000000
a contact +169082 +169512 1 2 1000000000
a contact +169082 +169512 2 1 1000000000
a contact +172824 +173254 1 2 1000000000
a contact +172824 +173254 2 1 1000000000
a contact +211255 +211685 1 2 1000000000
a contact +211255 +211685 2 1 1000000000
a contact +214664 +215094 1 2 1000000000
a contact +214664 +215094 2 1 1000000000
a contact +218178 +218608 1 2 1000000000
a contact +218178 +218608 2 1 1000000000
a contact +221867 +222297 1 2 1000000000
a contact +221867 +222297 2 1 1000000000
a contact +228626 +229056 1 2 1000000000
a contact +228626 +229056 2 1 1000000000
a contact +237316 +237746 1 2 1000000000
a contact +237316 +237746 2 1 1000000000
a contact +242066 +242496 1 2 1000000000
a contact +242066 +242496 2 1 1000000000
a contact +245557 +245987 1 2 1000000000
a contact +245557 +245987 2 1 1000000000
a contact +249702 +250132 1 2 1000000000
a contact +249702 +250132 2 1 1000000000
a contact +253459 +253889 1 2 1000000000
a contact +253459 +253889 2 1 1000000000
a contact +259506 +259936 1 2 1000000000
a contact +259506 +259936 2 1 1000000000
a contact +263821 +264251 1 2 1000000000
a contact +263821 +264251 2 1 1000000000
a contact +267636 +268066 1 2 1000000000
a contact +267636 +268066 2 1 1000000000
a contact +271227 +271657 1 2 1000000000
a contact +271227 +271657 2 1 1000000000
a contact +274849 +275279 1 2 1000000000
a contact +274849 +275279 2 1 1000000000
a contact +280899 +281329 1 2 1000000000
a contact +280899 +281329 2 1 1000000000
a contact +284410 +284840 1 2 1000000000
a contact +284410 +284840 2 1 1000000000
a contact +290644 +291074 1 2 1000000000
a contact +290644 +291074 2 1 1000000000
a contact +294276 +294706 1 2 1000000000
a contact +294276 +294706 2 1 1000000000
a contact +298489 +298919 1 2 1000000000
a contact +298489 +298919 2 1 1000000000
a contact +305139 +305569 1 2 1000000000
a contact +305139 +305569 2 1 1000000000
a contact +309254 +309684 1 2 1000000000
a contact +309254 +309684 2 1 1000000000
a contact +313587 +314017 1 2 1000000000
a contact +313587 +314017 2 1 1000000000
a contact +316970 +317400 1 2 1000000000
a contact +316970 +317400 2 1 1000000000
a contact +329682 +330112 1 2 1000000000
a contact +329682 +330112 2 1 1000000000
a contact +336692 +337122 1 2 1000000000
a contact +336692 +337122 2 1 1000000000
a contact +340041 +340471 1 2 1000000000
a contact +340041 +340471 2 1 1000000000
a contact +343619 +344049 1 2 1000000000
a contact +343619 +344049 2 1 1000000000
a contact +350898 +351328 1 2 1000000000
a contact +350898 +351328 2 1 1000000000
a contact +356984 +357414 1 2 1000000000
a contact +356984 +357414 2 1 1000000000
a contact +361248 +361678 1 2 1000000000
a contact +361248 +361678 2 1 1000000000
a contact +368393 +368823 1 2 1000000000
a contact +368393 +368823 2 1 1000000000
a contact +373657 +374087 1 2 1000000000
a contact +373657 +374087 2 1 1000000000
a contact +385448 +385878 1 2 1000000000
a contact +385448 +385878 2 1 1000000000
a contact +389258 +389688 1 2 1000000000
a contact +389258 +389688 2 1 1000000000
a contact +398883 +399313 1 2 1000000000
a contact +398883 +399313 2 1 1000000000
a contact +402217 +402647 1 2 1000000000
a contact +402217 +402647 2 1 1000000000
a contact +405654 +406084 1 2 1000000000
a contact +405654 +406084 2 1 1000000000
a contact +409309 +409739 1 2 1000000000
a contact +409309 +409739 2 1 1000000000
a contact +412996 +413426 1 2 1000000000
a contact +412996 +413426 2 1 1000000000
a contact +417988 +418418 1 2 1000000000
a contact +417988 +418418 2 1 1000000000
a contact +421871 +422301 1 2 1000000000
a contact +421871 +422301 2 1 1000000000
a contact +425580 +426010 1 2 1000000000
a contact +425580 +426010 2 1 1000000000
a contact +430049 +430479 1 2 1000000000
a contact +430049 +430479 2 1 1000000000
a contact +440754 +441184 1 2 1000000000
a contact +440754 +441184 2 1 1000000000
a contact +444767 +445197 1 2 1000000000
a contact +444767 +445197 2 1 1000000000
a contact +450017 +450447 1 2 1000000000
a contact +450017 +450447 2 1 1000000000
a contact +454072 +454502 1 2 1000000000
a contact +454072 +454502 2 1 1000000000
a contact +458792 +459222 1 2 1000000000
a contact +458792 +459222 2 1 1000000000
a contact +462183 +462613 1 2 1000000000
a contact +462183 +462613 2 1 1000000000
a contact +468607 +469037 1 2 1000000000
a contact +468607 +469037 2 1 1000000000
a contact +472301 +472731 1 2 1000000000
a contact +472301 +472731 2 1 1000000000
a contact +476139 +476569 1 2 1000000000
a contact +476139 +476569 2 1 1000000000
a contact +480349 +480779 1 2 1000000000
a contact +480349 +480779 2 1 1000000000
a contact +489896 +490326 1 2 1000000000
a contact +489896 +490326 2 1 1000000000
a contact +496892 +497322 1 2 1000000000
a contact +496892 +497322 2 1 1000000000
a contact +500262 +500692 1 2 1000000000
a contact +500262 +500692 2 1 1000000000
a contact +506331 +506761 1 2 1000000000
a contact +506331 +506761 2 1 1000000000
a contact +513352 +513782 1 2 1000000000
a contact +513352 +513782 2 1 1000000000
a contact +518877 +519307 1 2 1000000000
a contact +518877 +519307 2 1 1000000000
a contact +523148 +523578 1 2 1000000000
a contact +523148 +523578 2 1 1000000000
a contact +527477 +527907 1 2 1000000000
a contact +527477 +527907 2 1 1000000000
a contact +566538 +566968 1 2 1000000000
a contact +566538 +566968 2 1 1000000000
a contact +606398 +606828 1 2 1000000000
a contact +606398 +606828 2 1 1000000000
a contact +610810 +611240 1 2 1000000000
a contact +610810 +611240 2 1 1000000000
a contact +617475 +617905 1 2 1000000000
a contact +617475 +617905 2 1 1000000000
a contact +621537 +621967 1 2 1000000000
a contact +621537 +621967 2 1 1000000000
a contact +625175 +625605 1 2 1000000000
a contact +625175 +625605 2 1 1000000000
a contact +634005 +634435 1 2 1000000000
a contact +634005 +634435 2 1 1000000000
a contact +638385 +638815 1 2 1000000000
a contact +638385 +638815 2 1 1000000000
a contact +643175 +643605 1 2 1000000000
a contact +643175 +643605 2 1 1000000000
a contact +646828 +647258 1 2 1000000000
a contact +646828 +647258 2 1 1000000000
a contact +650216 +650646 1 2 1000000000
a contact +650216 +650646 2 1 1000000000
a contact +654956 +655386 1 2 1000000000
a contact +654956 +655386 2 1 1000000000
a contact +660889 +661319 1 2 1000000000
a contact +660889 +661319 2 1 1000000000
a contact +664391 +664821 1 2 1000000000
a contact +664391 +664821 2 1 1000000000
a contact +679689 +680119 1 2 1000000000
a contact +679689 +680119 2 1 1000000000
a contact +684908 +685338 1 2 1000000000
a contact +684908 +685338 2 1 1000000000
a contact +689755 +690185 1 2 1000000000
a contact +689755 +690185 2 1 1000000000
a contact +696528 +696958 1 2 1000000000
a contact +696528 +696958 2 1 1000000000
a contact +700408 +700838 1 2 1000000000
a contact +700408 +700838 2 1 1000000000
a contact +704742 +705172 1 2 1000000000
a contact +704742 +705172 2 1 1000000000
a contact +710618 +711048 1 2 1000000000
a contact +710618 +711048 2 1 1000000000
a contact +715375 +715805 1 2 1000000000
a contact +715375 +715805 2 1 1000000000
a contact +719228 +719658 1 2 1000000000
a contact +719228 +719658 2 1 1000000000
a contact +724484 +724914 1 2 1000000000
a contact +724484 +724914 2 1 1000000000
a contact +734752 +735182 1 2 1000000000
a contact +734752 +735182 2 1 1000000000
a contact +739301 +739731 1 2 1000000000
a contact +739301 +739731 2 1 1000000000
a contact +745815 +746245 1 2 1000000000
a contact +745815 +746245 2 1 1000000000
a contact +749840 +750270 1 2 1000000000
a contact +749840 +750270 2 1 1000000000
a contact +756260 +756690 1 2 1000000000
a contact +756260 +756690 2 1 1000000000
a contact +763881 +764311 1 2 1000000000
a contact +763881 +764311 2 1 1000000000
a contact +767358 +767788 1 2 1000000000
a contact +767358 +767788 2 1 1000000000
a contact +772578 +773008 1 2 1000000000
a contact +772578 +773008 2 1 1000000000
a contact +778071 +778501 1 2 1000000000
a contact +778071 +778501 2 1 1000000000
a contact +782338 +782768 1 2 1000000000
a contact +782338 +782768 2 1 1000000000
a contact +786189 +786619 1 2 1000000000
a contact +786189 +786619 2 1 1000000000
a contact +790090 +790520 1 2 1000000000
a contact +790090 +790520 2 1 1000000000
a contact +793728 +794158 1 2 1000000000
a contact +793728 +794158 2 1 1000000000
a contact +799499 +799929 1 2 1000000000
a contact +799499 +799929 2 1 1000000000
a contact +804192 +804622 1 2 1000000000
a contact +804192 +804622 2 1 1000000000
a contact +809205 +809635 1 2 1000000000
a contact +809205 +809635 2 1 1000000000
a contact +813544 +813974 1 2 1000000000
a contact +813544 +813974 2 1 1000000000
a contact +817701 +818131 1 2 1000000000
a contact +817701 +818131 2 1 1000000000
a contact +821705 +822135 1 2 1000000000
a contact +821705 +822135 2 1 1000000000
a contact +831957 +832387 1 2 1000000000
a contact +831957 +832387 2 1 1000000000
a contact +836929 +837359 1 2 1000000000
a contact +836929 +837359 2 1 1000000000
a contact +840746 +841176 1 2 1000000000
a contact +840746 +841176 2 1 1000000000
a contact +854396 +854826 1 2 1000000000
a contact +854396 +854826 2 1 1000000000
a contact +858134 +858564 1 2 1000000000
a contact +858134 +858564 2 1 1000000000
a contact +862001 +862431 1 2 1000000000
a contact +862001 +862431 2 1 1000000000
a contact +866813 +867243 1 2 1000000000
a contact +866813 +867243 2 1 1000000000
a contact +871409 +871839 1 2 1000000000
a contact +871409 +871839 2 1 1000000000
a contact +877139 +877569 1 2 1000000000
a contact +877139 +877569 2 1 1000000000
a contact +880895 +881325 1 2 1000000000
a contact +880895 +881325 2 1 1000000000
a contact +885365 +885795 1 2 1000000000
a contact +885365 +885795 2 1 1000000000
a contact +891088 +891518 1 2 1000000000
a contact +891088 +891518 2 1 1000000000
a contact +905898 +906328 1 2 1000000000
a contact +905898 +906328 2 1 1000000000
a contact +911024 +911454 1 2 1000000000
a contact +911024 +911454 2 1 1000000000
a contact +914460 +914890 1 2 1000000000
a contact +914460 +914890 2 1 1000000000
a contact +918350 +918780 1 2 1000000000
a contact +918350 +918780 2 1 1000000000
