m horizon +1588150
a contact +0 +430 1 2 1000000000
a contact +0 +430 2 1 1000000000
a contact +3289 +3719 1 2 1000000000
a contact +3289 +3719 2 1 1000000000
a contact +3773 +4203 1 2 1000000000
a contact +3773 +4203 2 1 1000000000
a contact +13458 +13888 1 2 1000000000
a contact +13458 +13888 2 1 1000000000
a contact +15770 +16200 1 2 1000000000
a contact +15770 +16200 2 1 1000000000
a contact +18638 +19068 1 2 1000000000
a contact +18638 +19068 2 1 1000000000
a contact +20210 +20640 1 2 1000000000
a contact +20210 +20640 2 1 1000000000
a contact +25069 +25499 1 2 1000000000
a contact +25069 +25499 2 1 1000000000
a contact +26435 +26865 1 2 1000000000
a contact +26435 +26865 2 1 1000000000
a contact +27569 +27999 1 2 1000000000
a contact +27569 +27999 2 1 1000000000
a contact +31009 +31439 1 2 1000000000
a contact +31009 +31439 2 1 1000000000
a contact +35820 +36250 1 2 1000000000
a contact +35820 +36250 2 1 1000000000
a contact +37267 +37697 1 2 1000000000
a contact +37267 +37697 2 1 1000000000
a contact +41972 +42402 1 2 1000000000
a contact +41972 +42402 2 1 1000000000
a contact +44728 +45158 1 2 1000000000
a contact +44728 +45158 2 1 1000000000
a contact +61986 +62416 1 2 1000000000
a contact +61986 +62416 2 1 1000000000
a contact +62924 +63354 1 2 1000000000
a contact +62924 +63354 2 1 1000000000
a contact +83763 +84193 1 2 1000000000
a contact +83763 +84193 2 1 1000000000
a contact +87011 +87441 1 2 1000000000
a contact +87011 +87441 2 1 1000000000
a contact +91161 +91591 1 2 1000000000
a contact +91161 +91591 2 1 1000000000
a contact +92442 +92872 1 2 1000000000
a contact +92442 +92872 2 1 1000000000
a contact +99607 +100037 1 2 1000000000
a contact +99607 +100037 2 1 1000000000
a contact +101155 +101585 1 2 1000000000
a contact +101155 +101585 2 1 1000000000
a contact +103802 +104232 1 2 1000000000
a contact +103802 +104232 2 1 1000000000
a contact +104358 +104788 1 2 1000000000
a contact +104358 +104788 2 1 1000000000
a contact +106989 +107419 1 2 1000000000
a contact +106989 +107419 2 1 1000000000
a contact +125597 +126027 1 2 1000000000
a contact +125597 +126027 2 1 1000000000
a contact +146475 +146905 1 2 1000000000
a contact +146475 +146905 2 1 1000000000
a contact +154146 +154576 1 2 1000000000
a contact +154146 +154576 2 1 1000000000
a contact +154594 +155024 1 2 1000000000
a contact +154594 +155024 2 1 1000000000
a contact +169973 +170403 1 2 1000000000
a contact +169973 +170403 2 1 1000000000
a contact +181260 +181690 1 2 1000000000
a contact +181260 +181690 2 1 1000000000
a contact +189507 +189937 1 2 1000000000
a contact +189507 +189937 2 1 1000000000
a contact +190983 +191413 1 2 1000000000
a contact +190983 +191413 2 1 1000000000
a contact +191969 +192399 1 2 1000000000
a contact +191969 +192399 2 1 1000000000
a contact +195240 +195670 1 2 1000000000
a contact +195240 +195670 2 1 1000000000
a contact +207170 +207600 1 2 1000000000
a contact +207170 +207600 2 1 1000000000
a contact +212179 +212609 1 2 1000000000
a contact +212179 +212609 2 1 1000000000
a contact +219687 +220117 1 2 1000000000
a contact +219687 +220117 2 1 1000000000
a contact +221522 +221952 1 2 1000000000
a contact +221522 +221952 2 1 1000000000
a contact +225887 +226317 1 2 1000000000
a contact +225887 +226317 2 1 1000000000
a contact +232874 +233304 1 2 1000000000
a contact +232874 +233304 2 1 1000000000
a contact +242547 +242977 1 2 1000000000
a contact +242547 +242977 2 1 1000000000
a contact +251709 +252139 1 2 1000000000
a contact +251709 +252139 2 1 1000000000
a contact +253542 +253972 1 2 1000000000
a contact +253542 +253972 2 1 1000000000
a contact +264929 +265359 1 2 1000000000
a contact +264929 +265359 2 1 1000000000
a contact +266653 +267083 1 2 1000000000
a contact +266653 +267083 2 1 1000000000
a contact +275673 +276103 1 2 1000000000
a contact +275673 +276103 2 1 1000000000
a contact +280400 +280830 1 2 1000000000
a contact +280400 +280830 2 1 1000000000
a contact +281921 +282351 1 2 1000000000
a contact +281921 +282351 2 1 1000000000
a contact +287064 +287494 1 2 1000000000
a contact +287064 +287494 2 1 1000000000
a contact +291369 +291799 1 2 1000000000
a contact +291369 +291799 2 1 1000000000
a contact +308704 +309134 1 2 1000000000
a contact +308704 +309134 2 1 1000000000
a contact +309359 +309789 1 2 1000000000
a contact +309359 +309789 2 1 1000000000
a contact +310740 +311170 1 2 1000000000
a contact +310740 +311170 2 1 1000000000
a contact +332882 +333312 1 2 1000000000
a contact +332882 +333312 2 1 1000000000
a contact +342783 +343213 1 2 1000000000
a contact +342783 +343213 2 1 1000000000
a contact +344077 +344507 1 2 1000000000
a contact +344077 +344507 2 1 1000000000
a contact +345888 +346318 1 2 1000000000
a contact +345888 +346318 2 1 1000000000
a contact +350428 +350858 1 2 1000000000
a contact +350428 +350858 2 1 1000000000
a contact +351764 +352194 1 2 1000000000
a contact +351764 +352194 2 1 1000000000
a contact +354270 +354700 1 2 1000000000
a contact +354270 +354700 2 1 1000000000
a contact +354968 +355398 1 2 1000000000
a contact +354968 +355398 2 1 1000000000
a contact +361997 +362427 1 2 1000000000
a contact +361997 +362427 2 1 1000000000
a contact +362861 +363291 1 2 1000000000
a contact +362861 +363291 2 1 1000000000
a contact +391000 +391430 1 2 1000000000
a contact +391000 +391430 2 1 1000000000
a contact +404870 +405300 1 2 1000000000
a contact +404870 +405300 2 1 1000000000
a contact +413551 +413981 1 2 1000000000
a contact +413551 +413981 2 1 1000000000
a contact +421835 +422265 1 2 1000000000
a contact +421835 +422265 2 1 1000000000
a contact +424697 +425127 1 2 1000000000
a contact +424697 +425127 2 1 1000000000
a contact +431152 +431582 1 2 1000000000
a contact +431152 +431582 2 1 1000000000
a contact +439182 +439612 1 2 1000000000
a contact +439182 +439612 2 1 1000000000
a contact +443090 +443520 1 2 1000000000
a contact +443090 +443520 2 1 1000000000
a contact +443857 +444287 1 2 1000000000
a contact +443857 +444287 2 1 1000000000
a contact +449507 +449937 1 2 1000000000
a contact +449507 +449937 2 1 1000000000
a contact +452028 +452458 1 2 1000000000
a contact +452028 +452458 2 1 1000000000
a contact +457455 +457885 1 2 1000000000
a contact +457455 +457885 2 1 1000000000
a contact +460783 +461213 1 2 1000000000
a contact +460783 +461213 2 1 1000000000
a contact +477384 +477814 1 2 1000000000
a contact +477384 +477814 2 1 1000000000
a contact +479009 +479439 1 2 1000000000
a contact +479009 +479439 2 1 1000000000
a contact +487211 +487641 1 2 1000000000
a contact +487211 +487641 2 1 1000000000
a contact +494004 +494434 1 2 1000000000
a contact +494004 +494434 2 1 1000000000
a contact +498748 +499178 1 2 1000000000
a contact +498748 +499178 2 1 1000000000
a contact +499621 +500051 1 2 1000000000
a contact +499621 +500051 2 1 1000000000
a contact +501008 +501438 1 2 1000000000
a contact +501008 +501438 2 1 1000000000
a contact +519583 +520013 1 2 1000000000
a contact +519583 +520013 2 1 1000000000
a contact +521404 +521834 1 2 1000000000
a contact +521404 +521834 2 1 1000000000
a contact +522782 +523212 1 2 1000000000
a contact +522782 +523212 2 1 1000000000
a contact +525016 +525446 1 2 1000000000
a contact +525016 +525446 2 1 1000000000
a contact +529534 +529964 1 2 1000000000
a contact +529534 +529964 2 1 1000000000
a contact +533854 +534284 1 2 1000000000
a contact +533854 +534284 2 1 1000000000
a contact +534302 +534732 1 2 1000000000
a contact +534302 +534732 2 1 1000000000
a contact +534748 +535178 1 2 1000000000
a contact +534748 +535178 2 1 1000000000
a contact +538815 +539245 1 2 1000000000
a contact +538815 +539245 2 1 1000000000
a contact +540329 +540759 1 2 1000000000
a contact +540329 +540759 2 1 1000000000
a contact +545721 +546151 1 2 1000000000
a contact +545721 +546151 2 1 1000000000
a contact +554651 +555081 1 2 1000000000
a contact +554651 +555081 2 1 1000000000
a contact +555615 +556045 1 2 1000000000
a contact +555615 +556045 2 1 1000000000
a contact +559778 +560208 1 2 1000000000
a contact +559778 +560208 2 1 1000000000
a contact +562973 +563403 1 2 1000000000
a contact +562973 +563403 2 1 1000000000
a contact +571696 +572126 1 2 1000000000
a contact +571696 +572126 2 1 1000000000
a contact +588556 +588986 1 2 1000000000
a contact +588556 +588986 2 1 1000000000
a contact +591846 +592276 1 2 1000000000
a contact +591846 +592276 2 1 1000000000
a contact +593755 +594185 1 2 1000000000
a contact +593755 +594185 2 1 1000000000
a contact +605368 +605798 1 2 1000000000
a contact +605368 +605798 2 1 1000000000
a contact +605945 +606375 1 2 1000000000
a contact +605945 +606375 2 1 1000000000
a contact +608503 +608933 1 2 1000000000
a contact +608503 +608933 2 1 1000000000
a contact +611598 +612028 1 2 1000000000
a contact +611598 +612028 2 1 1000000000
a contact +613068 +613498 1 2 1000000000
a contact +613068 +613498 2 1 1000000000
a contact +619542 +619972 1 2 1000000000
a contact +619542 +619972 2 1 1000000000
a contact +623848 +624278 1 2 1000000000
a contact +623848 +624278 2 1 1000000000
a contact +625797 +626227 1 2 1000000000
a contact +625797 +626227 2 1 1000000000
a contact +629056 +629486 1 2 1000000000
a contact +629056 +629486 2 1 1000000000
a contact +635732 +636162 1 2 1000000000
a contact +635732 +636162 2 1 1000000000
a contact +638248 +638678 1 2 1000000000
a contact +638248 +638678 2 1 1000000000
a contact +639050 +639480 1 2 1000000000
a contact +639050 +639480 2 1 1000000000
a contact +642754 +643184 1 2 1000000000
a contact +642754 +643184 2 1 1000000000
a contact +644335 +644765 1 2 1000000000
a contact +644335 +644765 2 1 1000000000
a contact +649918 +650348 1 2 1000000000
a contact +649918 +650348 2 1 1000000000
a contact +651544 +651974 1 2 1000000000
a contact +651544 +651974 2 1 1000000000
a contact +652744 +653174 1 2 1000000000
a contact +652744 +653174 2 1 1000000000
a contact +665080 +665510 1 2 1000000000
a contact +665080 +665510 2 1 1000000000
a contact +667637 +668067 1 2 1000000000
a contact +667637 +668067 2 1 1000000000
a contact +669902 +670332 1 2 1000000000
a contact +669902 +670332 2 1 1000000000
a contact +674432 +674862 1 2 1000000000
a contact +674432 +674862 2 1 1000000000
a contact +681135 +681565 1 2 1000000000
a contact +681135 +681565 2 1 1000000000
a contact +687463 +687893 1 2 1000000000
a contact +687463 +687893 2 1 1000000000
a contact +696391 +696821 1 2 1000000000
a contact +696391 +696821 2 1 1000000000
a contact +698418 +698848 1 2 1000000000
a contact +698418 +698848 2 1 1000000000
a contact +701801 +702231 1 2 1000000000
a contact +701801 +702231 2 1 1000000000
a contact +704632 +705062 1 2 1000000000
a contact +704632 +705062 2 1 1000000000
a contact +708920 +709350 1 2 1000000000
a contact +708920 +709350 2 1 1000000000
a contact +713879 +714309 1 2 1000000000
a contact +713879 +714309 2 1 1000000000
a contact +719574 +720004 1 2 1000000000
a contact +719574 +720004 2 1 1000000000
a contact +720377 +720807 1 2 1000000000
a contact +720377 +720807 2 1 1000000000
a contact +723269 +723699 1 2 1000000000
a contact +723269 +723699 2 1 1000000000
a contact +730241 +730671 1 2 1000000000
a contact +730241 +730671 2 1 1000000000
a contact +730862 +731292 1 2 1000000000
a contact +730862 +731292 2 1 1000000000
a contact +738568 +738998 1 2 1000000000
a contact +738568 +738998 2 1 1000000000
a contact +745143 +745573 1 2 1000000000
a contact +745143 +745573 2 1 1000000000
a contact +748299 +748729 1 2 1000000000
a contact +748299 +748729 2 1 1000000000
a contact +751893 +752323 1 2 1000000000
a contact +751893 +752323 2 1 1000000000
a contact +753952 +754382 1 2 1000000000
a contact +753952 +754382 2 1 1000000000
a contact +761473 +761903 1 2 1000000000
a contact +761473 +761903 2 1 1000000000
a contact +765377 +765807 1 2 1000000000
a contact +765377 +765807 2 1 1000000000
a contact +767442 +767872 1 2 1000000000
a contact +767442 +767872 2 1 1000000000
a contact +768030 +768460 1 2 1000000000
a contact +768030 +768460 2 1 1000000000
a contact +770706 +771136 1 2 1000000000
a contact +770706 +771136 2 1 1000000000
a contact +784603 +785033 1 2 1000000000
a contact +784603 +785033 2 1 1000000000
a contact +791016 +791446 1 2 1000000000
a contact +791016 +791446 2 1 1000000000
a contact +796658 +797088 1 2 1000000000
a contact +796658 +797088 2 1 1000000000
a contact +811501 +811931 1 2 1000000000
a contact +811501 +811931 2 1 1000000000
a contact +812096 +812526 1 2 1000000000
a contact +812096 +812526 2 1 1000000000
a contact +817421 +817851 1 2 1000000000
a contact +817421 +817851 2 1 1000000000
a contact +818955 +819385 1 2 1000000000
a contact +818955 +819385 2 1 1000000000
a contact +822069 +822499 1 2 1000000000
a contact +822069 +822499 2 1 1000000000
a contact +823564 +823994 1 2 1000000000
a contact +823564 +823994 2 1 1000000000
a contact +826272 +826702 1 2 1000000000
a contact +826272 +826702 2 1 1000000000
a contact +838993 +839423 1 2 1000000000
a contact +838993 +839423 2 1 1000000000
a contact +846281 +846711 1 2 1000000000
a contact +846281 +846711 2 1 1000000000
a contact +856647 +857077 1 2 1000000000
a contact +856647 +857077 2 1 1000000000
a contact +857494 +857924 1 2 1000000000
a contact +857494 +857924 2 1 1000000000
a contact +859823 +860253 1 2 1000000000
a contact +859823 +860253 2 1 1000000000
a contact +868388 +868818 1 2 1000000000
a contact +868388 +868818 2 1 1000000000
a contact +869037 +869467 1 2 1000000000
a contact +869037 +869467 2 1 1000000000
a contact +870583 +871013 1 2 1000000000
a contact +870583 +871013 2 1 1000000000
a contact +871467 +871897 1 2 1000000000
a contact +871467 +871897 2 1 1000000000
a contact +880924 +881354 1 2 1000000000
a contact +880924 +881354 2 1 1000000000
a contact +882756 +883186 1 2 1000000000
a contact +882756 +883186 2 1 1000000000
a contact +886116 +886546 1 2 1000000000
a contact +886116 +886546 2 1 1000000000
a contact +886620 +887050 1 2 1000000000
a contact +886620 +887050 2 1 1000000000
a contact +887690 +888120 1 2 1000000000
a contact +887690 +888120 2 1 1000000000
a contact +891948 +892378 1 2 1000000000
a contact +891948 +892378 2 1 1000000000
a contact +900693 +901123 1 2 1000000000
a contact +900693 +901123 2 1 1000000000
a contact +903335 +903765 1 2 1000000000
a contact +903335 +903765 2 1 1000000000
a contact +905807 +906237 1 2 1000000000
a contact +905807 +906237 2 1 1000000000
a contact +906458 +906888 1 2 1000000000
a contact +906458 +906888 2 1 1000000000
a contact +907445 +907875 1 2 1000000000
a contact +907445 +907875 2 1 1000000000
a contact +908728 +909158 1 2 1000000000
a contact +908728 +909158 2 1 1000000000
a contact +910383 +910813 1 2 1000000000
a contact +910383 +910813 2 1 1000000000
a contact +915290 +915720 1 2 1000000000
a contact +915290 +915720 2 1 1000000000
a contact +918078 +918508 1 2 1000000000
a contact +918078 +918508 2 1 1000000000
a contact +938694 +939124 1 2 1000000000
a contact +938694 +939124 2 1 1000000000
a contact +940898 +941328 1 2 1000000000
a contact +940898 +941328 2 1 1000000000
a contact +951621 +952051 1 2 1000000000
a contact +951621 +952051 2 1 1000000000
a contact +952562 +952992 1 2 1000000000
a contact +952562 +952992 2 1 1000000000
a contact +956971 +957401 1 2 1000000000
a contact +956971 +957401 2 1 1000000000
a contact +961632 +962062 1 2 1000000000
a contact +961632 +962062 2 1 1000000000
a contact +967744 +968174 1 2 1000000000
a contact +967744 +968174 2 1 1000000000
a contact +970975 +971405 1 2 1000000000
a contact +970975 +971405 2 1 1000000000
a contact +975343 +975773 1 2 1000000000
a contact +975343 +975773 2 1 1000000000
a contact +983755 +984185 1 2 1000000000
a contact +983755 +984185 2 1 1000000000
a contact +985057 +985487 1 2 1000000000
a contact +985057 +985487 2 1 1000000000
a contact +989512 +989942 1 2 1000000000
a contact +989512 +989942 2 1 1000000000
a contact +994648 +995078 1 2 1000000000
a contact +994648 +995078 2 1 1000000000
a contact +1003153 +1003583 1 2 1000000000
a contact +1003153 +1003583 2 1 1000000000
a contact +1004531 +1004961 1 2 1000000000
a contact +1004531 +1004961 2 1 1000000000
a contact +1007802 +1008232 1 2 1000000000
a contact +1007802 +1008232 2 1 1000000000
a contact +1008364 +1008794 1 2 1000000000
a contact +1008364 +1008794 2 1 1000000000
a contact +1014558 +1014988 1 2 1000000000
a contact +1014558 +1014988 2 1 1000000000
a contact +1025734 +1026164 1 2 1000000000
a contact +1025734 +1026164 2 1 1000000000
a contact +1028479 +1028909 1 2 1000000000
a contact +1028479 +1028909 2 1 1000000000
a contact +1037898 +1038328 1 2 1000000000
a contact +1037898 +1038328 2 1 1000000000
a contact +1044022 +1044452 1 2 1000000000
a contact +1044022 +1044452 2 1 1000000000
a contact +1044543 +1044973 1 2 1000000000
a contact +1044543 +1044973 2 1 1000000000
a contact +1048344 +1048774 1 2 1000000000
a contact +1048344 +1048774 2 1 1000000000
a contact +1049023 +1049453 1 2 1000000000
a contact +1049023 +1049453 2 1 1000000000
a contact +1051446 +1051876 1 2 1000000000
a contact +1051446 +1051876 2 1 1000000000
a contact +1060433 +1060863 1 2 1000000000
a contact +1060433 +1060863 2 1 1000000000
a contact +1061574 +1062004 1 2 1000000000
a contact +1061574 +1062004 2 1 1000000000
a contact +1066426 +1066856 1 2 1000000000
a contact +1066426 +1066856 2 1 1000000000
a contact +1067165 +1067595 1 2 1000000000
a contact +1067165 +1067595 2 1 1000000000
a contact +1068213 +1068643 1 2 1000000000
a contact +1068213 +1068643 2 1 1000000000
a contact +1084773 +1085203 1 2 1000000000
a contact +1084773 +1085203 2 1 1000000000
a contact +1085741 +1086171 1 2 1000000000
a contact +1085741 +1086171 2 1 1000000000
a contact +1087186 +1087616 1 2 1000000000
a contact +1087186 +1087616 2 1 1000000000
a contact +1102550 +1102980 1 2 1000000000
a contact +1102550 +1102980 2 1 1000000000
a contact +1104940 +1105370 1 2 1000000000
a contact +1104940 +1105370 2 1 1000000000
a contact +1106665 +1107095 1 2 1000000000
a contact +1106665 +1107095 2 1 1000000000
a contact +1107633 +1108063 1 2 1000000000
a contact +1107633 +1108063 2 1 1000000000
a contact +1111733 +1112163 1 2 1000000000
a contact +1111733 +1112163 2 1 1000000000
a contact +1112485 +1112915 1 2 1000000000
a contact +1112485 +1112915 2 1 1000000000
a contact +1114234 +1114664 1 2 1000000000
a contact +1114234 +1114664 2 1 1000000000
a contact +1115997 +1116427 1 2 1000000000
a contact +1115997 +1116427 2 1 1000000000
a contact +1123680 +1124110 1 2 1000000000
a contact +1123680 +1124110 2 1 1000000000
a contact +1125049 +1125479 1 2 1000000000
a contact +1125049 +1125479 2 1 1000000000
a contact +1130186 +1130616 1 2 1000000000
a contact +1130186 +1130616 2 1 1000000000
a contact +1132084 +1132514 1 2 1000000000
a contact +1132084 +1132514 2 1 1000000000
a contact +1159503 +1159933 1 2 1000000000
a contact +1159503 +1159933 2 1 1000000000
a contact +1184718 +1185148 1 2 1000000000
a contact +1184718 +1185148 2 1 1000000000
a contact +1198812 +1199242 1 2 1000000000
a contact +1198812 +1199242 2 1 1000000000
a contact +1211464 +1211894 1 2 1000000000
a contact +1211464 +1211894 2 1 1000000000
a contact +1216174 +1216604 1 2 1000000000
a contact +1216174 +1216604 2 1 1000000000
a contact +1230779 +1231209 1 2 1000000000
a contact +1230779 +1231209 2 1 1000000000
a contact +1236628 +1237058 1 2 1000000000
a contact +1236628 +1237058 2 1 1000000000
a contact +1237980 +1238410 1 2 1000000000
a contact +1237980 +1238410 2 1 1000000000
a contact +1245403 +1245833 1 2 1000000000
a contact +1245403 +1245833 2 1 1000000000
a contact +1255874 +1256304 1 2 1000000000
a contact +1255874 +1256304 2 1 1000000000
a contact +1256381 +1256811 1 2 1000000000
a contact +1256381 +1256811 2 1 1000000000
a contact +1257962 +1258392 1 2 1000000000
a contact +1257962 +1258392 2 1 1000000000
a contact +1266531 +1266961 1 2 1000000000
a contact +1266531 +1266961 2 1 1000000000
a contact +1274714 +1275144 1 2 1000000000
a contact +1274714 +1275144 2 1 1000000000
a contact +1279507 +1279937 1 2 1000000000
a contact +1279507 +1279937 2 1 1000000000
a contact +1280629 +1281059 1 2 1000000000
a contact +1280629 +1281059 2 1 1000000000
a contact +1282695 +1283125 1 2 1000000000
a contact +1282695 +1283125 2 1 1000000000
a contact +1284551 +1284981 1 2 1000000000
a contact +1284551 +1284981 2 1 1000000000
a contact +1305895 +1306325 1 2 1000000000
a contact +1305895 +1306325 2 1 1000000000
a contact +1307680 +1308110 1 2 1000000000
a contact +1307680 +1308110 2 1 1000000000
a contact +1310563 +1310993 1 2 1000000000
a contact +1310563 +1310993 2 1 1000000000
a contact +1317190 +1317620 1 2 1000000000
a contact +1317190 +1317620 2 1 1000000000
a contact +1323394 +1323824 1 2 1000000000
a contact +1323394 +1323824 2 1 1000000000
a contact +1328207 +1328637 1 2 1000000000
a contact +1328207 +1328637 2 1 1000000000
a contact +1334217 +1334647 1 2 1000000000
a contact +1334217 +1334647 2 1 1000000000
a contact +1345273 +1345703 1 2 1000000000
a contact +1345273 +1345703 2 1 1000000000
a contact +1358718 +1359148 1 2 1000000000
a contact +1358718 +1359148 2 1 1000000000
a contact +1359757 +1360187 1 2 1000000000
a contact +1359757 +1360187 2 1 1000000000
a contact +1360349 +1360779 1 2 1000000000
a contact +1360349 +1360779 2 1 1000000000
a contact +1373772 +1374202 1 2 1000000000
a contact +1373772 +1374202 2 1 1000000000
a contact +1386994 +1387424 1 2 1000000000
a contact +1386994 +1387424 2 1 1000000000
a contact +1389859 +1390289 1 2 1000000000
a contact +1389859 +1390289 2 1 1000000000
a contact +1392996 +1393426 1 2 1000000000
a contact +1392996 +1393426 2 1 1000000000
a contact +1399554 +1399984 1 2 1000000000
a contact +1399554 +1399984 2 1 1000000000
a contact +1402888 +1403318 1 2 1000000000
a contact +1402888 +1403318 2 1 1000000000
a contact +1403943 +1404373 1 2 1000000000
a contact +1403943 +1404373 2 1 1000000000
a contact +1405894 +1406324 1 2 1000000000
a contact +1405894 +1406324 2 1 1000000000
a contact +1408245 +1408675 1 2 1000000000
a contact +1408245 +1408675 2 1 1000000000
a contact +1413106 +1413536 1 2 1000000000
a contact +1413106 +1413536 2 1 1000000000
a contact +1414532 +1414962 1 2 1000000000
a contact +1414532 +1414962 2 1 1000000000
a contact +1421883 +1422313 1 2 1000000000
a contact +1421883 +1422313 2 1 1000000000
a contact +1440882 +1441312 1 2 1000000000
a contact +1440882 +1441312 2 1 1000000000
a contact +1443890 +1444320 1 2 1000000000
a contact +1443890 +1444320 2 1 1000000000
a contact +1448802 +1449232 1 2 1000000000
a contact +1448802 +1449232 2 1 1000000000
a contact +1454598 +1455028 1 2 1000000000
a contact +1454598 +1455028 2 1 1000000000
a contact +1463514 +1463944 1 2 1000000000
a contact +1463514 +1463944 2 1 1000000000
a contact +1469207 +1469637 1 2 1000000000
a contact +1469207 +1469637 2 1 1000000000
a contact +1473493 +1473923 1 2 1000000000
a contact +1473493 +1473923 2 1 1000000000
a contact +1480687 +1481117 1 2 1000000000
a contact +1480687 +1481117 2 1 1000000000
a contact +1481244 +1481674 1 2 1000000000
a contact +1481244 +1481674 2 1 1000000000
a contact +1496584 +1497014 1 2 1000000000
a contact +1496584 +1497014 2 1 1000000000
a contact +1509159 +1509589 1 2 1000000000
a contact +1509159 +1509589 2 1 1000000000
a contact +1515869 +1516299 1 2 1000000000
a contact +1515869 +1516299 2 1 1000000000
a contact +1517494 +1517924 1 2 1000000000
a contact +1517494 +1517924 2 1 1000000000
a contact +1523137 +1523567 1 2 1000000000
a contact +1523137 +1523567 2 1 1000000000
a contact +1523718 +1524148 1 2 1000000000
a contact +1523718 +1524148 2 1 1000000000
a contact +1526839 +1527269 1 2 1000000000
a contact +1526839 +1527269 2 1 1000000000
a contact +1528555 +1528985 1 2 1000000000
a contact +1528555 +1528985 2 1 1000000000
a contact +1533357 +1533787 1 2 1000000000
a contact +1533357 +1533787 2 1 1000000000
a contact +1535316 +1535746 1 2 1000000000
a contact +1535316 +1535746 2 1 1000000000
a contact +1536260 +1536690 1 2 1000000000
a contact +1536260 +1536690 2 1 1000000000
a contact +1545069 +1545499 1 2 1000000000
a contact +1545069 +1545499 2 1 1000000000
a contact +1547035 +1547465 1 2 1000000000
a contact +1547035 +1547465 2 1 1000000000
a contact +1551817 +1552247 1 2 1000000000
a contact +1551817 +1552247 2 1 1000000000
a contact +1552336 +1552766 1 2 1000000000
a contact +1552336 +1552766 2 1 1000000000
a contact +1557164 +1557594 1 2 1000000000
a contact +1557164 +1557594 2 1 1000000000
a contact +1565856 +1566286 1 2 1000000000
a contact +1565856 +1566286 2 1 1000000000
a contact +1574441 +1574871 1 2 1000000000
a contact +1574441 +1574871 2 1 1000000000
a contact +1576984 +1577414 1 2 1000000000
a contact +1576984 +1577414 2 1 1000000000
a contact +1578143 +1578573 1 2 1000000000
a contact +1578143 +1578573 2 1 1000000000
a contact +1583562 +1583992 1 2 1000000000
a contact +1583562 +1583992 2 1 1000000000
a contact +1585934 +1586364 1 2 1000000000
a contact +1585934 +1586364 2 1 1000000000
