m horizon +796658
a contact +0 +430 1 2 1000000000
a contact +0 +430 2 1 1000000000
a contact +3289 +3719 1 2 1000000000
a contact +3289 +3719 2 1 1000000000
a contact +3773 +4203 1 2 1000000000
a contact +3773 +4203 2 1 1000000000
a contact +13458 +13888 1 2 1000000000
a contact +13458 +13888 2 1 1000000000
a contact +15770 +16200 1 2 1000000000
a contact +15770 +16200 2 1 1000000000
a contact +18638 +19068 1 2 1000000000
a contact +18638 +19068 2 1 1000000000
a contact +20210 +20640 1 2 1000000000
a contact +20210 +20640 2 1 1000000000
a contact +25069 +25499 1 2 1000000000
a contact +25069 +25499 2 1 1000000000
a contact +26435 +26865 1 2 1000000000
a contact +26435 +26865 2 1 1000000000
a contact +27569 +27999 1 2 1000000000
a contact +27569 +27999 2 1 1000000000
a contact +31009 +31439 1 2 1000000000
a contact +31009 +31439 2 1 1000000000
a contact +35820 +36250 1 2 1000000000
a contact +35820 +36250 2 1 1000000000
a contact +37267 +37697 1 2 1000000000
a contact +37267 +37697 2 1 1000000000
a contact +41972 +42402 1 2 1000000000
a contact +41972 +42402 2 1 1000000000
a contact +44728 +45158 1 2 1000000000
a contact +44728 +45158 2 1 1000000000
a contact +61986 +62416 1 2 1000000000
a contact +61986 +62416 2 1 1000000000
a contact +62924 +63354 1 2 1000000000
a contact +62924 +63354 2 1 1000000000
a contact +83763 +84193 1 2 1000000000
a contact +83763 +84193 2 1 1000000000
a contact +87011 +87441 1 2 1000000000
a contact +87011 +87441 2 1 1000000000
a contact +91161 +91591 1 2 1000000000
a contact +91161 +91591 2 1 1000000000
a contact +92442 +92872 1 2 1000000000
a contact +92442 +92872 2 1 1000000000
a contact +99607 +100037 1 2 1000000000
a contact +99607 +100037 2 1 1000000000
a contact +101155 +101585 1 2 1000000000
a contact +101155 +101585 2 1 1000000000
a contact +103802 +104232 1 2 1000000000
a contact +103802 +104232 2 1 1000000000
a contact +104358 +104788 1 2 1000000000
a contact +104358 +104788 2 1 1000000000
a contact +106989 +107419 1 2 1000000000
a contact +106989 +107419 2 1 1000000000
a contact +125597 +126027 1 2 1000000000
a contact +125597 +126027 2 1 1000000000
a contact +146475 +146905 1 2 1000000000
a contact +146475 +146905 2 1 1000000000
a contact +154146 +154576 1 2 1000000000
a contact +154146 +154576 2 1 1000000000
a contact +154594 +155024 1 2 1000000000
a contact +154594 +155024 2 1 1000000000
a contact +169973 +170403 1 2 1000000000
a contact +169973 +170403 2 1 1000000000
a contact +181260 +181690 1 2 1000000000
a contact +181260 +181690 2 1 1000000000
a contact +189507 +189937 1 2 1000000000
a contact +189507 +189937 2 1 1000000000
a contact +190983 +191413 1 2 1000000000
a contact +190983 +191413 2 1 1000000000
a contact +191969 +192399 1 2 1000000000
a contact +191969 +192399 2 1 1000000000
a contact +195240 +195670 1 2 1000000000
a contact +195240 +195670 2 1 1000000000
a contact +207170 +207600 1 2 1000000000
a contact +207170 +207600 2 1 1000000000
a contact +212179 +212609 1 2 1000000000
a contact +212179 +212609 2 1 1000000000
a contact +219687 +220117 1 2 1000000000
a contact +219687 +220117 2 1 1000000000
a contact +221522 +221952 1 2 1000000000
a contact +221522 +221952 2 1 1000000000
a contact +225887 +226317 1 2 1000000000
a contact +225887 +226317 2 1 1000000000
a contact +232874 +233304 1 2 1000000000
a contact +232874 +233304 2 1 1000000000
a contact +242547 +242977 1 2 1000000000
a contact +242547 +242977 2 1 1000000000
a contact +251709 +252139 1 2 1000000000
a contact +251709 +252139 2 1 1000000000
a contact +253542 +253972 1 2 1000000000
a contact +253542 +253972 2 1 1000000000
a contact +264929 +265359 1 2 1000000000
a contact +264929 +265359 2 1 1000000000
a contact +266653 +267083 1 2 1000000000
a contact +266653 +267083 2 1 1000000000
a contact +275673 +276103 1 2 1000000000
a contact +275673 +276103 2 1 1000000000
a contact +280400 +280830 1 2 1000000000
a contact +280400 +280830 2 1 1000000000
a contact +281921 +282351 1 2 1000000000
a contact +281921 +282351 2 1 1000000000
a contact +287064 +287494 1 2 1000000000
a contact +287064 +287494 2 1 1000000000
a contact +291369 +291799 1 2 1000000000
a contact +291369 +291799 2 1 1000000000
a contact +308704 +309134 1 2 1000000000
a contact +308704 +309134 2 1 1000000000
a contact +309359 +309789 1 2 1000000000
a contact +309359 +309789 2 1 1000000000
a contact +310740 +311170 1 2 1000000000
a contact +310740 +311170 2 1 1000000000
a contact +332882 +333312 1 2 1000000000
a contact +332882 +333312 2 1 1000000000
a contact +342783 +343213 1 2 1000000000
a contact +342783 +343213 2 1 1000000000
a contact +344077 +344507 1 2 1000000000
a contact +344077 +344507 2 1 1000000000
a contact +345888 +346318 1 2 1000000000
a contact +345888 +346318 2 1 1000000000
a contact +350428 +350858 1 2 1000000000
a contact +350428 +350858 2 1 1000000000
a contact +351764 +352194 1 2 1000000000
a contact +351764 +352194 2 1 1000000000
a contact +354270 +354700 1 2 1000000000
a contact +354270 +354700 2 1 1000000000
a contact +354968 +355398 1 2 1000000000
a contact +354968 +355398 2 1 1000000000
a contact +361997 +362427 1 2 1000000000
a contact +361997 +362427 2 1 1000000000
a contact +362861 +363291 1 2 1000000000
a contact +362861 +363291 2 1 1000000000
a contact +391000 +391430 1 2 1000000000
a contact +391000 +391430 2 1 1000000000
a contact +404870 +405300 1 2 1000000000
a contact +404870 +405300 2 1 1000000000
a contact +413551 +413981 1 2 1000000000
a contact +413551 +413981 2 1 1000000000
a contact +421835 +422265 1 2 1000000000
a contact +421835 +422265 2 1 1000000000
a contact +424697 +425127 1 2 1000000000
a contact +424697 +425127 2 1 1000000000
a contact +431152 +431582 1 2 1000000000
a contact +431152 +431582 2 1 1000000000
a contact +439182 +439612 1 2 1000000000
a contact +439182 +439612 2 1 1000000000
a contact +443090 +443520 1 2 1000000000
a contact +443090 +443520 2 1 1000000000
a contact +443857 +444287 1 2 1000000000
a contact +443857 +444287 2 1 1000000000
a contact +449507 +449937 1 2 1000000000
a contact +449507 +449937 2 1 1000000000
a contact +452028 +452458 1 2 1000000000
a contact +452028 +452458 2 1 1000000000
a contact +457455 +457885 1 2 1000000000
a contact +457455 +457885 2 1 1000000000
a contact +460783 +461213 1 2 1000000000
a contact +460783 +461213 2 1 1000000000
a contact +477384 +477814 1 2 1000000000
a contact +477384 +477814 2 1 1000000000
a contact +479009 +479439 1 2 1000000000
a contact +479009 +479439 2 1 1000000000
a contact +487211 +487641 1 2 1000000000
a contact +487211 +487641 2 1 1000000000
a contact +494004 +494434 1 2 1000000000
a contact +494004 +494434 2 1 1000000000
a contact +498748 +499178 1 2 1000000000
a contact +498748 +499178 2 1 1000000000
a contact +499621 +500051 1 2 1000000000
a contact +499621 +500051 2 1 1000000000
a contact +501008 +501438 1 2 1000000000
a contact +501008 +501438 2 1 1000000000
a contact +519583 +520013 1 2 1000000000
a contact +519583 +520013 2 1 1000000000
a contact +521404 +521834 1 2 1000000000
a contact +521404 +521834 2 1 1000000000
a contact +522782 +523212 1 2 1000000000
a contact +522782 +523212 2 1 1000000000
a contact +525016 +525446 1 2 1000000000
a contact +525016 +525446 2 1 1000000000
a contact +529534 +529964 1 2 1000000000
a contact +529534 +529964 2 1 1000000000
a contact +533854 +534284 1 2 1000000000
a contact +533854 +534284 2 1 1000000000
a contact +534302 +534732 1 2 1000000000
a contact +534302 +534732 2 1 1000000000
a contact +534748 +535178 1 2 1000000000
a contact +534748 +535178 2 1 1000000000
a contact +538815 +539245 1 2 1000000000
a contact +538815 +539245 2 1 1000000000
a contact +540329 +540759 1 2 1000000000
a contact +540329 +540759 2 1 1000000000
a contact +545721 +546151 1 2 1000000000
a contact +545721 +546151 2 1 1000000000
a contact +554651 +555081 1 2 1000000000
a contact +554651 +555081 2 1 1000000000
a contact +555615 +556045 1 2 1000000000
a contact +555615 +556045 2 1 1000000000
a contact +559778 +560208 1 2 1000000000
a contact +559778 +560208 2 1 1000000000
a contact +562973 +563403 1 2 1000000000
a contact +562973 +563403 2 1 1000000000
a contact +571696 +572126 1 2 1000000000
a contact +571696 +572126 2 1 1000000000
a contact +588556 +588986 1 2 1000000000
a contact +588556 +588986 2 1 1000000000
a contact +591846 +592276 1 2 1000000000
a contact +591846 +592276 2 1 1000000000
a contact +593755 +594185 1 2 1000000000
a contact +593755 +594185 2 1 1000000000
a contact +605368 +605798 1 2 1000000000
a contact +605368 +605798 2 1 1000000000
a contact +605945 +606375 1 2 1000000000
a contact +605945 +606375 2 1 1000000000
a contact +608503 +608933 1 2 1000000000
a contact +608503 +608933 2 1 1000000000
a contact +611598 +612028 1 2 1000000000
a contact +611598 +612028 2 1 1000000000
a contact +613068 +613498 1 2 1000000000
a contact +613068 +613498 2 1 1000000000
a contact +619542 +619972 1 2 1000000000
a contact +619542 +619972 2 1 1000000000
a contact +623848 +624278 1 2 1000000000
a contact +623848 +624278 2 1 1000000000
a contact +625797 +626227 1 2 1000000000
a contact +625797 +626227 2 1 1000000000
a contact +629056 +629486 1 2 1000000000
a contact +629056 +629486 2 1 1000000000
a contact +635732 +636162 1 2 1000000000
a contact +635732 +636162 2 1 1000000000
a contact +638248 +638678 1 2 1000000000
a contact +638248 +638678 2 1 1000000000
a contact +639050 +639480 1 2 1000000000
a contact +639050 +639480 2 1 1000000000
a contact +642754 +643184 1 2 1000000000
a contact +642754 +643184 2 1 1000000000
a contact +644335 +644765 1 2 1000000000
a contact +644335 +644765 2 1 1000000000
a contact +649918 +650348 1 2 1000000000
a contact +649918 +650348 2 1 1000000000
a contact +651544 +651974 1 2 1000000000
a contact +651544 +651974 2 1 1000000000
a contact +652744 +653174 1 2 1000000000
a contact +652744 +653174 2 1 1000000000
a contact +665080 +665510 1 2 1000000000
a contact +665080 +665510 2 1 1000000000
a contact +667637 +668067 1 2 1000000000
a contact +667637 +668067 2 1 1000000000
a contact +669902 +670332 1 2 1000000000
a contact +669902 +670332 2 1 1000000000
a contact +674432 +674862 1 2 1000000000
a contact +674432 +674862 2 1 1000000000
a contact +681135 +681565 1 2 1000000000
a contact +681135 +681565 2 1 1000000000
a contact +687463 +687893 1 2 1000000000
a contact +687463 +687893 2 1 1000000000
a contact +696391 +696821 1 2 1000000000
a contact +696391 +696821 2 1 1000000000
a contact +698418 +698848 1 2 1000000000
a contact +698418 +698848 2 1 1000000000
a contact +701801 +702231 1 2 1000000000
a contact +701801 +702231 2 1 1000000000
a contact +704632 +705062 1 2 1000000000
a contact +704632 +705062 2 1 1000000000
a contact +708920 +709350 1 2 1000000000
a contact +708920 +709350 2 1 1000000000
a contact +713879 +714309 1 2 1000000000
a contact +713879 +714309 2 1 1000000000
a contact +719574 +720004 1 2 1000000000
a contact +719574 +720004 2 1 1000000000
a contact +720377 +720807 1 2 1000000000
a contact +720377 +720807 2 1 1000000000
a contact +723269 +723699 1 2 1000000000
a contact +723269 +723699 2 1 1000000000
a contact +730241 +730671 1 2 1000000000
a contact +730241 +730671 2 1 1000000000
a contact +730862 +731292 1 2 1000000000
a contact +730862 +731292 2 1 1000000000
a contact +738568 +738998 1 2 1000000000
a contact +738568 +738998 2 1 1000000000
a contact +745143 +745573 1 2 1000000000
a contact +745143 +745573 2 1 1000000000
a contact +748299 +748729 1 2 1000000000
a contact +748299 +748729 2 1 1000000000
a contact +751893 +752323 1 2 1000000000
a contact +751893 +752323 2 1 1000000000
a contact +753952 +754382 1 2 1000000000
a contact +753952 +754382 2 1 1000000000
a contact +761473 +761903 1 2 1000000000
a contact +761473 +761903 2 1 1000000000
a contact +765377 +765807 1 2 1000000000
a contact +765377 +765807 2 1 1000000000
a contact +767442 +767872 1 2 1000000000
a contact +767442 +767872 2 1 1000000000
a contact +768030 +768460 1 2 1000000000
a contact +768030 +768460 2 1 1000000000
a contact +770706 +771136 1 2 1000000000
a contact +770706 +771136 2 1 1000000000
a contact +784603 +785033 1 2 1000000000
a contact +784603 +785033 2 1 1000000000
a contact +791016 +791446 1 2 1000000000
a contact +791016 +791446 2 1 1000000000
