m horizon +1669782
a contact +0 +430 1 2 1000000000
a contact +0 +430 2 1 1000000000
a contact +5102 +5532 1 2 1000000000
a contact +5102 +5532 2 1 1000000000
a contact +15071 +15501 1 2 1000000000
a contact +15071 +15501 2 1 1000000000
a contact +19829 +20259 1 2 1000000000
a contact +19829 +20259 2 1 1000000000
a contact +26125 +26555 1 2 1000000000
a contact +26125 +26555 2 1 1000000000
a contact +29092 +29522 1 2 1000000000
a contact +29092 +29522 2 1 1000000000
a contact +35353 +35783 1 2 1000000000
a contact +35353 +35783 2 1 1000000000
a contact +41535 +41965 1 2 1000000000
a contact +41535 +41965 2 1 1000000000
a contact +47303 +47733 1 2 1000000000
a contact +47303 +47733 2 1 1000000000
a contact +55300 +55730 1 2 1000000000
a contact +55300 +55730 2 1 1000000000
a contact +59871 +60301 1 2 1000000000
a contact +59871 +60301 2 1 1000000000
a contact +64427 +64857 1 2 1000000000
a contact +64427 +64857 2 1 1000000000
a contact +65480 +65910 1 2 1000000000
a contact +65480 +65910 2 1 1000000000
a contact +76823 +77253 1 2 1000000000
a contact +76823 +77253 2 1 1000000000
a contact +80236 +80666 1 2 1000000000
a contact +80236 +80666 2 1 1000000000
a contact +85322 +85752 1 2 1000000000
a contact +85322 +85752 2 1 1000000000
a contact +91729 +92159 1 2 1000000000
a contact +91729 +92159 2 1 1000000000
a contact +95539 +95969 1 2 1000000000
a contact +95539 +95969 2 1 1000000000
a contact +103403 +103833 1 2 1000000000
a contact +103403 +103833 2 1 1000000000
a contact +112948 +113378 1 2 1000000000
a contact +112948 +113378 2 1 1000000000
a contact +122378 +122808 1 2 1000000000
a contact +122378 +122808 2 1 1000000000
a contact +125844 +126274 1 2 1000000000
a contact +125844 +126274 2 1 1000000000
a contact +131729 +132159 1 2 1000000000
a contact +131729 +132159 2 1 1000000000
a contact +133779 +134209 1 2 1000000000
a contact +133779 +134209 2 1 1000000000
a contact +136965 +137395 1 2 1000000000
a contact +136965 +137395 2 1 1000000000
a contact +143026 +143456 1 2 1000000000
a contact +143026 +143456 2 1 1000000000
a contact +147472 +147902 1 2 1000000000
a contact +147472 +147902 2 1 1000000000
a contact +155368 +155798 1 2 1000000000
a contact +155368 +155798 2 1 1000000000
a contact +164530 +164960 1 2 1000000000
a contact +164530 +164960 2 1 1000000000
a contact +169283 +169713 1 2 1000000000
a contact +169283 +169713 2 1 1000000000
a contact +177938 +178368 1 2 1000000000
a contact +177938 +178368 2 1 1000000000
a contact +180262 +180692 1 2 1000000000
a contact +180262 +180692 2 1 1000000000
a contact +184723 +185153 1 2 1000000000
a contact +184723 +185153 2 1 1000000000
a contact +189855 +190285 1 2 1000000000
a contact +189855 +190285 2 1 1000000000
a contact +193439 +193869 1 2 1000000000
a contact +193439 +193869 2 1 1000000000
a contact +201159 +201589 1 2 1000000000
a contact +201159 +201589 2 1 1000000000
a contact +203698 +204128 1 2 1000000000
a contact +203698 +204128 2 1 1000000000
a contact +206991 +207421 1 2 1000000000
a contact +206991 +207421 2 1 1000000000
a contact +213034 +213464 1 2 1000000000
a contact +213034 +213464 2 1 1000000000
a contact +218738 +219168 1 2 1000000000
a contact +218738 +219168 2 1 1000000000
a contact +225427 +225857 1 2 1000000000
a contact +225427 +225857 2 1 1000000000
a contact +228129 +228559 1 2 1000000000
a contact +228129 +228559 2 1 1000000000
a contact +233155 +233585 1 2 1000000000
a contact +233155 +233585 2 1 1000000000
a contact +237040 +237470 1 2 1000000000
a contact +237040 +237470 2 1 1000000000
a contact +238845 +239275 1 2 1000000000
a contact +238845 +239275 2 1 1000000000
a contact +243789 +244219 1 2 1000000000
a contact +243789 +244219 2 1 1000000000
a contact +251274 +251704 1 2 1000000000
a contact +251274 +251704 2 1 1000000000
a contact +255199 +255629 1 2 1000000000
a contact +255199 +255629 2 1 1000000000
a contact +262833 +263263 1 2 1000000000
a contact +262833 +263263 2 1 1000000000
a contact +265232 +265662 1 2 1000000000
a contact +265232 +265662 2 1 1000000000
a contact +268767 +269197 1 2 1000000000
a contact +268767 +269197 2 1 1000000000
a contact +272353 +272783 1 2 1000000000
a contact +272353 +272783 2 1 1000000000
a contact +276582 +277012 1 2 1000000000
a contact +276582 +277012 2 1 1000000000
a contact +284235 +284665 1 2 1000000000
a contact +284235 +284665 2 1 1000000000
a contact +293591 +294021 1 2 1000000000
a contact +293591 +294021 2 1 1000000000
a contact +298768 +299198 1 2 1000000000
a contact +298768 +299198 2 1 1000000000
a contact +304640 +305070 1 2 1000000000
a contact +304640 +305070 2 1 1000000000
a contact +311550 +311980 1 2 1000000000
a contact +311550 +311980 2 1 1000000000
a contact +316328 +316758 1 2 1000000000
a contact +316328 +316758 2 1 1000000000
a contact +318278 +318708 1 2 1000000000
a contact +318278 +318708 2 1 1000000000
a contact +325836 +326266 1 2 1000000000
a contact +325836 +326266 2 1 1000000000
a contact +331179 +331609 1 2 1000000000
a contact +331179 +331609 2 1 1000000000
a contact +339445 +339875 1 2 1000000000
a contact +339445 +339875 2 1 1000000000
a contact +343484 +343914 1 2 1000000000
a contact +343484 +343914 2 1 1000000000
a contact +348079 +348509 1 2 1000000000
a contact +348079 +348509 2 1 1000000000
a contact +355517 +355947 1 2 1000000000
a contact +355517 +355947 2 1 1000000000
a contact +362156 +362586 1 2 1000000000
a contact +362156 +362586 2 1 1000000000
a contact +367116 +367546 1 2 1000000000
a contact +367116 +367546 2 1 1000000000
a contact +371739 +372169 1 2 1000000000
a contact +371739 +372169 2 1 1000000000
a contact +379829 +380259 1 2 1000000000
a contact +379829 +380259 2 1 1000000000
a contact +382317 +382747 1 2 1000000000
a contact +382317 +382747 2 1 1000000000
a contact +385812 +386242 1 2 1000000000
a contact +385812 +386242 2 1 1000000000
a contact +390970 +391400 1 2 1000000000
a contact +390970 +391400 2 1 1000000000
a contact +393841 +394271 1 2 1000000000
a contact +393841 +394271 2 1 1000000000
a contact +403053 +403483 1 2 1000000000
a contact +403053 +403483 2 1 1000000000
a contact +407469 +407899 1 2 1000000000
a contact +407469 +407899 2 1 1000000000
a contact +410207 +410637 1 2 1000000000
a contact +410207 +410637 2 1 1000000000
a contact +413826 +414256 1 2 1000000000
a contact +413826 +414256 2 1 1000000000
a contact +418517 +418947 1 2 1000000000
a contact +418517 +418947 2 1 1000000000
a contact +422689 +423119 1 2 1000000000
a contact +422689 +423119 2 1 1000000000
a contact +425350 +425780 1 2 1000000000
a contact +425350 +425780 2 1 1000000000
a contact +431499 +431929 1 2 1000000000
a contact +431499 +431929 2 1 1000000000
a contact +436554 +436984 1 2 1000000000
a contact +436554 +436984 2 1 1000000000
a contact +445504 +445934 1 2 1000000000
a contact +445504 +445934 2 1 1000000000
a contact +451500 +451930 1 2 1000000000
a contact +451500 +451930 2 1 1000000000
a contact +460524 +460954 1 2 1000000000
a contact +460524 +460954 2 1 1000000000
a contact +465611 +466041 1 2 1000000000
a contact +465611 +466041 2 1 1000000000
a contact +472888 +473318 1 2 1000000000
a contact +472888 +473318 2 1 1000000000
a contact +477542 +477972 1 2 1000000000
a contact +477542 +477972 2 1 1000000000
a contact +483044 +483474 1 2 1000000000
a contact +483044 +483474 2 1 1000000000
a contact +487418 +487848 1 2 1000000000
a contact +487418 +487848 2 1 1000000000
a contact +490395 +490825 1 2 1000000000
a contact +490395 +490825 2 1 1000000000
a contact +492658 +493088 1 2 1000000000
a contact +492658 +493088 2 1 1000000000
a contact +496034 +496464 1 2 1000000000
a contact +496034 +496464 2 1 1000000000
a contact +500378 +500808 1 2 1000000000
a contact +500378 +500808 2 1 1000000000
a contact +503086 +503516 1 2 1000000000
a contact +503086 +503516 2 1 1000000000
a contact +505377 +505807 1 2 1000000000
a contact +505377 +505807 2 1 1000000000
a contact +509111 +509541 1 2 1000000000
a contact +509111 +509541 2 1 1000000000
a contact +512393 +512823 1 2 1000000000
a contact +512393 +512823 2 1 1000000000
a contact +516267 +516697 1 2 1000000000
a contact +516267 +516697 2 1 1000000000
a contact +519527 +519957 1 2 1000000000
a contact +519527 +519957 2 1 1000000000
a contact +523062 +523492 1 2 1000000000
a contact +523062 +523492 2 1 1000000000
a contact +531834 +532264 1 2 1000000000
a contact +531834 +532264 2 1 1000000000
a contact +534784 +535214 1 2 1000000000
a contact +534784 +535214 2 1 1000000000
a contact +538615 +539045 1 2 1000000000
a contact +538615 +539045 2 1 1000000000
a contact +542372 +542802 1 2 1000000000
a contact +542372 +542802 2 1 1000000000
a contact +549970 +550400 1 2 1000000000
a contact +549970 +550400 2 1 1000000000
a contact +556232 +556662 1 2 1000000000
a contact +556232 +556662 2 1 1000000000
a contact +567369 +567799 1 2 1000000000
a contact +567369 +567799 2 1 1000000000
a contact +580737 +581167 1 2 1000000000
a contact +580737 +581167 2 1 1000000000
a contact +585492 +585922 1 2 1000000000
a contact +585492 +585922 2 1 1000000000
a contact +593038 +593468 1 2 1000000000
a contact +593038 +593468 2 1 1000000000
a contact +595885 +596315 1 2 1000000000
a contact +595885 +596315 2 1 1000000000
a contact +600192 +600622 1 2 1000000000
a contact +600192 +600622 2 1 1000000000
a contact +603546 +603976 1 2 1000000000
a contact +603546 +603976 2 1 1000000000
a contact +609881 +610311 1 2 1000000000
a contact +609881 +610311 2 1 1000000000
a contact +619229 +619659 1 2 1000000000
a contact +619229 +619659 2 1 1000000000
a contact +625099 +625529 1 2 1000000000
a contact +625099 +625529 2 1 1000000000
a contact +626832 +627262 1 2 1000000000
a contact +626832 +627262 2 1 1000000000
a contact +639367 +639797 1 2 1000000000
a contact +639367 +639797 2 1 1000000000
a contact +642951 +643381 1 2 1000000000
a contact +642951 +643381 2 1 1000000000
a contact +644772 +645202 1 2 1000000000
a contact +644772 +645202 2 1 1000000000
a contact +648456 +648886 1 2 1000000000
a contact +648456 +648886 2 1 1000000000
a contact +652392 +652822 1 2 1000000000
a contact +652392 +652822 2 1 1000000000
a contact +661655 +662085 1 2 1000000000
a contact +661655 +662085 2 1 1000000000
a contact +667895 +668325 1 2 1000000000
a contact +667895 +668325 2 1 1000000000
a contact +674168 +674598 1 2 1000000000
a contact +674168 +674598 2 1 1000000000
a contact +683255 +683685 1 2 1000000000
a contact +683255 +683685 2 1 1000000000
a contact +686258 +686688 1 2 1000000000
a contact +686258 +686688 2 1 1000000000
a contact +690585 +691015 1 2 1000000000
a contact +690585 +691015 2 1 1000000000
a contact +694231 +694661 1 2 1000000000
a contact +694231 +694661 2 1 1000000000
a contact +701743 +702173 1 2 1000000000
a contact +701743 +702173 2 1 1000000000
a contact +708839 +709269 1 2 1000000000
a contact +708839 +709269 2 1 1000000000
a contact +718455 +718885 1 2 1000000000
a contact +718455 +718885 2 1 1000000000
a contact +724499 +724929 1 2 1000000000
a contact +724499 +724929 2 1 1000000000
a contact +729640 +730070 1 2 1000000000
a contact +729640 +730070 2 1 1000000000
a contact +737838 +738268 1 2 1000000000
a contact +737838 +738268 2 1 1000000000
a contact +741886 +742316 1 2 1000000000
a contact +741886 +742316 2 1 1000000000
a contact +746959 +747389 1 2 1000000000
a contact +746959 +747389 2 1 1000000000
a contact +749630 +750060 1 2 1000000000
a contact +749630 +750060 2 1 1000000000
a contact +756681 +757111 1 2 1000000000
a contact +756681 +757111 2 1 1000000000
a contact +760470 +760900 1 2 1000000000
a contact +760470 +760900 2 1 1000000000
a contact +768956 +769386 1 2 1000000000
a contact +768956 +769386 2 1 1000000000
a contact +776427 +776857 1 2 1000000000
a contact +776427 +776857 2 1 1000000000
a contact +781319 +781749 1 2 1000000000
a contact +781319 +781749 2 1 1000000000
a contact +788208 +788638 1 2 1000000000
a contact +788208 +788638 2 1 1000000000
a contact +790222 +790652 1 2 1000000000
a contact +790222 +790652 2 1 1000000000
a contact +796842 +797272 1 2 1000000000
a contact +796842 +797272 2 1 1000000000
a contact +801450 +801880 1 2 1000000000
a contact +801450 +801880 2 1 1000000000
a contact +804527 +804957 1 2 1000000000
a contact +804527 +804957 2 1 1000000000
a contact +809325 +809755 1 2 1000000000
a contact +809325 +809755 2 1 1000000000
a contact +815637 +816067 1 2 1000000000
a contact +815637 +816067 2 1 1000000000
a contact +820996 +821426 1 2 1000000000
a contact +820996 +821426 2 1 1000000000
a contact +829547 +829977 1 2 1000000000
a contact +829547 +829977 2 1 1000000000
a contact +835349 +835779 1 2 1000000000
a contact +835349 +835779 2 1 1000000000
a contact +845372 +845802 1 2 1000000000
a contact +845372 +845802 2 1 1000000000
a contact +848090 +848520 1 2 1000000000
a contact +848090 +848520 2 1 1000000000
a contact +850211 +850641 1 2 1000000000
a contact +850211 +850641 2 1 1000000000
a contact +857771 +858201 1 2 1000000000
a contact +857771 +858201 2 1 1000000000
a contact +860128 +860558 1 2 1000000000
a contact +860128 +860558 2 1 1000000000
a contact +866624 +867054 1 2 1000000000
a contact +866624 +867054 2 1 1000000000
a contact +873394 +873824 1 2 1000000000
a contact +873394 +873824 2 1 1000000000
a contact +877780 +878210 1 2 1000000000
a contact +877780 +878210 2 1 1000000000
a contact +880718 +881148 1 2 1000000000
a contact +880718 +881148 2 1 1000000000
a contact +887761 +888191 1 2 1000000000
a contact +887761 +888191 2 1 1000000000
a contact +890498 +890928 1 2 1000000000
a contact +890498 +890928 2 1 1000000000
a contact +897889 +898319 1 2 1000000000
a contact +897889 +898319 2 1 1000000000
a contact +900999 +901429 1 2 1000000000
a contact +900999 +901429 2 1 1000000000
a contact +905059 +905489 1 2 1000000000
a contact +905059 +905489 2 1 1000000000
a contact +920186 +920616 1 2 1000000000
a contact +920186 +920616 2 1 1000000000
a contact +929429 +929859 1 2 1000000000
a contact +929429 +929859 2 1 1000000000
a contact +932525 +932955 1 2 1000000000
a contact +932525 +932955 2 1 1000000000
a contact +937351 +937781 1 2 1000000000
a contact +937351 +937781 2 1 1000000000
a contact +939102 +939532 1 2 1000000000
a contact +939102 +939532 2 1 1000000000
a contact +946500 +946930 1 2 1000000000
a contact +946500 +946930 2 1 1000000000
a contact +952171 +952601 1 2 1000000000
a contact +952171 +952601 2 1 1000000000
a contact +960603 +961033 1 2 1000000000
a contact +960603 +961033 2 1 1000000000
a contact +962307 +962737 1 2 1000000000
a contact +962307 +962737 2 1 1000000000
a contact +966966 +967396 1 2 1000000000
a contact +966966 +967396 2 1 1000000000
a contact +971540 +971970 1 2 1000000000
a contact +971540 +971970 2 1 1000000000
a contact +975081 +975511 1 2 1000000000
a contact +975081 +975511 2 1 1000000000
a contact +977515 +977945 1 2 1000000000
a contact +977515 +977945 2 1 1000000000
a contact +983035 +983465 1 2 1000000000
a contact +983035 +983465 2 1 1000000000
a contact +989256 +989686 1 2 1000000000
a contact +989256 +989686 2 1 1000000000
a contact +996786 +997216 1 2 1000000000
a contact +996786 +997216 2 1 1000000000
a contact +1003401 +1003831 1 2 1000000000
a contact +1003401 +1003831 2 1 1000000000
a contact +1007374 +1007804 1 2 1000000000
a contact +1007374 +1007804 2 1 1000000000
a contact +1013253 +1013683 1 2 1000000000
a contact +1013253 +1013683 2 1 1000000000
a contact +1018243 +1018673 1 2 1000000000
a contact +1018243 +1018673 2 1 1000000000
a contact +1020993 +1021423 1 2 1000000000
a contact +1020993 +1021423 2 1 1000000000
a contact +1028022 +1028452 1 2 1000000000
a contact +1028022 +1028452 2 1 1000000000
a contact +1035296 +1035726 1 2 1000000000
a contact +1035296 +1035726 2 1 1000000000
a contact +1044618 +1045048 1 2 1000000000
a contact +1044618 +1045048 2 1 1000000000
a contact +1049961 +1050391 1 2 1000000000
a contact +1049961 +1050391 2 1 1000000000
a contact +1053951 +1054381 1 2 1000000000
a contact +1053951 +1054381 2 1 1000000000
a contact +1059859 +1060289 1 2 1000000000
a contact +1059859 +1060289 2 1 1000000000
a contact +1068202 +1068632 1 2 1000000000
a contact +1068202 +1068632 2 1 1000000000
a contact +1073379 +1073809 1 2 1000000000
a contact +1073379 +1073809 2 1 1000000000
a contact +1082852 +1083282 1 2 1000000000
a contact +1082852 +1083282 2 1 1000000000
a contact +1090142 +1090572 1 2 1000000000
a contact +1090142 +1090572 2 1 1000000000
a contact +1099340 +1099770 1 2 1000000000
a contact +1099340 +1099770 2 1 1000000000
a contact +1103366 +1103796 1 2 1000000000
a contact +1103366 +1103796 2 1 1000000000
a contact +1107716 +1108146 1 2 1000000000
a contact +1107716 +1108146 2 1 1000000000
a contact +1120240 +1120670 1 2 1000000000
a contact +1120240 +1120670 2 1 1000000000
a contact +1126990 +1127420 1 2 1000000000
a contact +1126990 +1127420 2 1 1000000000
a contact +1132610 +1133040 1 2 1000000000
a contact +1132610 +1133040 2 1 1000000000
a contact +1138145 +1138575 1 2 1000000000
a contact +1138145 +1138575 2 1 1000000000
a contact +1142776 +1143206 1 2 1000000000
a contact +1142776 +1143206 2 1 1000000000
a contact +1145282 +1145712 1 2 1000000000
a contact +1145282 +1145712 2 1 1000000000
a contact +1154557 +1154987 1 2 1000000000
a contact +1154557 +1154987 2 1 1000000000
a contact +1164046 +1164476 1 2 1000000000
a contact +1164046 +1164476 2 1 1000000000
a contact +1167080 +1167510 1 2 1000000000
a contact +1167080 +1167510 2 1 1000000000
a contact +1168584 +1169014 1 2 1000000000
a contact +1168584 +1169014 2 1 1000000000
a contact +1178651 +1179081 1 2 1000000000
a contact +1178651 +1179081 2 1 1000000000
a contact +1185348 +1185778 1 2 1000000000
a contact +1185348 +1185778 2 1 1000000000
a contact +1192329 +1192759 1 2 1000000000
a contact +1192329 +1192759 2 1 1000000000
a contact +1199433 +1199863 1 2 1000000000
a contact +1199433 +1199863 2 1 1000000000
a contact +1204733 +1205163 1 2 1000000000
a contact +1204733 +1205163 2 1 1000000000
a contact +1209599 +1210029 1 2 1000000000
a contact +1209599 +1210029 2 1 1000000000
a contact +1214075 +1214505 1 2 1000000000
a contact +1214075 +1214505 2 1 1000000000
a contact +1221312 +1221742 1 2 1000000000
a contact +1221312 +1221742 2 1 1000000000
a contact +1227241 +1227671 1 2 1000000000
a contact +1227241 +1227671 2 1 1000000000
a contact +1232301 +1232731 1 2 1000000000
a contact +1232301 +1232731 2 1 1000000000
a contact +1239851 +1240281 1 2 1000000000
a contact +1239851 +1240281 2 1 1000000000
a contact +1241339 +1241769 1 2 1000000000
a contact +1241339 +1241769 2 1 1000000000
a contact +1251250 +1251680 1 2 1000000000
a contact +1251250 +1251680 2 1 1000000000
a contact +1257948 +1258378 1 2 1000000000
a contact +1257948 +1258378 2 1 1000000000
a contact +1261538 +1261968 1 2 1000000000
a contact +1261538 +1261968 2 1 1000000000
a contact +1266538 +1266968 1 2 1000000000
a contact +1266538 +1266968 2 1 1000000000
a contact +1272761 +1273191 1 2 1000000000
a contact +1272761 +1273191 2 1 1000000000
a contact +1276623 +1277053 1 2 1000000000
a contact +1276623 +1277053 2 1 1000000000
a contact +1281473 +1281903 1 2 1000000000
a contact +1281473 +1281903 2 1 1000000000
a contact +1284957 +1285387 1 2 1000000000
a contact +1284957 +1285387 2 1 1000000000
a contact +1286414 +1286844 1 2 1000000000
a contact +1286414 +1286844 2 1 1000000000
a contact +1291547 +1291977 1 2 1000000000
a contact +1291547 +1291977 2 1 1000000000
a contact +1296456 +1296886 1 2 1000000000
a contact +1296456 +1296886 2 1 1000000000
a contact +1301497 +1301927 1 2 1000000000
a contact +1301497 +1301927 2 1 1000000000
a contact +1309405 +1309835 1 2 1000000000
a contact +1309405 +1309835 2 1 1000000000
a contact +1310824 +1311254 1 2 1000000000
a contact +1310824 +1311254 2 1 1000000000
a contact +1316260 +1316690 1 2 1000000000
a contact +1316260 +1316690 2 1 1000000000
a contact +1323460 +1323890 1 2 1000000000
a contact +1323460 +1323890 2 1 1000000000
a contact +1329342 +1329772 1 2 1000000000
a contact +1329342 +1329772 2 1 1000000000
a contact +1332371 +1332801 1 2 1000000000
a contact +1332371 +1332801 2 1 1000000000
a contact +1335679 +1336109 1 2 1000000000
a contact +1335679 +1336109 2 1 1000000000
a contact +1337486 +1337916 1 2 1000000000
a contact +1337486 +1337916 2 1 1000000000
a contact +1342555 +1342985 1 2 1000000000
a contact +1342555 +1342985 2 1 1000000000
a contact +1347633 +1348063 1 2 1000000000
a contact +1347633 +1348063 2 1 1000000000
a contact +1351664 +1352094 1 2 1000000000
a contact +1351664 +1352094 2 1 1000000000
a contact +1354200 +1354630 1 2 1000000000
a contact +1354200 +1354630 2 1 1000000000
a contact +1359848 +1360278 1 2 1000000000
a contact +1359848 +1360278 2 1 1000000000
a contact +1366200 +1366630 1 2 1000000000
a contact +1366200 +1366630 2 1 1000000000
a contact +1370265 +1370695 1 2 1000000000
a contact +1370265 +1370695 2 1 1000000000
a contact +1379316 +1379746 1 2 1000000000
a contact +1379316 +1379746 2 1 1000000000
a contact +1386936 +1387366 1 2 1000000000
a contact +1386936 +1387366 2 1 1000000000
a contact +1394576 +1395006 1 2 1000000000
a contact +1394576 +1395006 2 1 1000000000
a contact +1397340 +1397770 1 2 1000000000
a contact +1397340 +1397770 2 1 1000000000
a contact +1402760 +1403190 1 2 1000000000
a contact +1402760 +1403190 2 1 1000000000
a contact +1410947 +1411377 1 2 1000000000
a contact +1410947 +1411377 2 1 1000000000
a contact +1416125 +1416555 1 2 1000000000
a contact +1416125 +1416555 2 1 1000000000
a contact +1420004 +1420434 1 2 1000000000
a contact +1420004 +1420434 2 1 1000000000
a contact +1424422 +1424852 1 2 1000000000
a contact +1424422 +1424852 2 1 1000000000
a contact +1426171 +1426601 1 2 1000000000
a contact +1426171 +1426601 2 1 1000000000
a contact +1433688 +1434118 1 2 1000000000
a contact +1433688 +1434118 2 1 1000000000
a contact +1442322 +1442752 1 2 1000000000
a contact +1442322 +1442752 2 1 1000000000
a contact +1449643 +1450073 1 2 1000000000
a contact +1449643 +1450073 2 1 1000000000
a contact +1452771 +1453201 1 2 1000000000
a contact +1452771 +1453201 2 1 1000000000
a contact +1459664 +1460094 1 2 1000000000
a contact +1459664 +1460094 2 1 1000000000
a contact +1461441 +1461871 1 2 1000000000
a contact +1461441 +1461871 2 1 1000000000
a contact +1465019 +1465449 1 2 1000000000
a contact +1465019 +1465449 2 1 1000000000
a contact +1469423 +1469853 1 2 1000000000
a contact +1469423 +1469853 2 1 1000000000
a contact +1479110 +1479540 1 2 1000000000
a contact +1479110 +1479540 2 1 1000000000
a contact +1493740 +1494170 1 2 1000000000
a contact +1493740 +1494170 2 1 1000000000
a contact +1500191 +1500621 1 2 1000000000
a contact +1500191 +1500621 2 1 1000000000
a contact +1510875 +1511305 1 2 1000000000
a contact +1510875 +1511305 2 1 1000000000
a contact +1519441 +1519871 1 2 1000000000
a contact +1519441 +1519871 2 1 1000000000
a contact +1527283 +1527713 1 2 1000000000
a contact +1527283 +1527713 2 1 1000000000
a contact +1532756 +1533186 1 2 1000000000
a contact +1532756 +1533186 2 1 1000000000
a contact +1538627 +1539057 1 2 1000000000
a contact +1538627 +1539057 2 1 1000000000
a contact +1545383 +1545813 1 2 1000000000
a contact +1545383 +1545813 2 1 1000000000
a contact +1548111 +1548541 1 2 1000000000
a contact +1548111 +1548541 2 1 1000000000
a contact +1551063 +1551493 1 2 1000000000
a contact +1551063 +1551493 2 1 1000000000
a contact +1555542 +1555972 1 2 1000000000
a contact +1555542 +1555972 2 1 1000000000
a contact +1562716 +1563146 1 2 1000000000
a contact +1562716 +1563146 2 1 1000000000
a contact +1567595 +1568025 1 2 1000000000
a contact +1567595 +1568025 2 1 1000000000
a contact +1572903 +1573333 1 2 1000000000
a contact +1572903 +1573333 2 1 1000000000
a contact +1579947 +1580377 1 2 1000000000
a contact +1579947 +1580377 2 1 1000000000
a contact +1582800 +1583230 1 2 1000000000
a contact +1582800 +1583230 2 1 1000000000
a contact +1587364 +1587794 1 2 1000000000
a contact +1587364 +1587794 2 1 1000000000
a contact +1593150 +1593580 1 2 1000000000
a contact +1593150 +1593580 2 1 1000000000
a contact +1601859 +1602289 1 2 1000000000
a contact +1601859 +1602289 2 1 1000000000
a contact +1605900 +1606330 1 2 1000000000
a contact +1605900 +1606330 2 1 1000000000
a contact +1615519 +1615949 1 2 1000000000
a contact +1615519 +1615949 2 1 1000000000
a contact +1626695 +1627125 1 2 1000000000
a contact +1626695 +1627125 2 1 1000000000
a contact +1631434 +1631864 1 2 1000000000
a contact +1631434 +1631864 2 1 1000000000
a contact +1635317 +1635747 1 2 1000000000
a contact +1635317 +1635747 2 1 1000000000
a contact +1641873 +1642303 1 2 1000000000
a contact +1641873 +1642303 2 1 1000000000
a contact +1647212 +1647642 1 2 1000000000
a contact +1647212 +1647642 2 1 1000000000
a contact +1654696 +1655126 1 2 1000000000
a contact +1654696 +1655126 2 1 1000000000
a contact +1660578 +1661008 1 2 1000000000
a contact +1660578 +1661008 2 1 1000000000
a contact +1663244 +1663674 1 2 1000000000
a contact +1663244 +1663674 2 1 1000000000
