m horizon +1645548
a contact +0 +430 1 2 1000000000
a contact +0 +430 2 1 1000000000
a contact +1339 +1769 1 2 1000000000
a contact +1339 +1769 2 1 1000000000
a contact +15762 +16192 1 2 1000000000
a contact +15762 +16192 2 1 1000000000
a contact +16748 +17178 1 2 1000000000
a contact +16748 +17178 2 1 1000000000
a contact +20275 +20705 1 2 1000000000
a contact +20275 +20705 2 1 1000000000
a contact +20712 +21142 1 2 1000000000
a contact +20712 +21142 2 1 1000000000
a contact +24154 +24584 1 2 1000000000
a contact +24154 +24584 2 1 1000000000
a contact +27411 +27841 1 2 1000000000
a contact +27411 +27841 2 1 1000000000
a contact +63865 +64295 1 2 1000000000
a contact +63865 +64295 2 1 1000000000
a contact +114638 +115068 1 2 1000000000
a contact +114638 +115068 2 1 1000000000
a contact +117014 +117444 1 2 1000000000
a contact +117014 +117444 2 1 1000000000
a contact +125507 +125937 1 2 1000000000
a contact +125507 +125937 2 1 1000000000
a contact +126348 +126778 1 2 1000000000
a contact +126348 +126778 2 1 1000000000
a contact +127179 +127609 1 2 1000000000
a contact +127179 +127609 2 1 1000000000
a contact +127609 +128039 1 2 1000000000
a contact +127609 +128039 2 1 1000000000
a contact +128070 +128500 1 2 1000000000
a contact +128070 +128500 2 1 1000000000
a contact +129391 +129821 1 2 1000000000
a contact +129391 +129821 2 1 1000000000
a contact +133191 +133621 1 2 1000000000
a contact +133191 +133621 2 1 1000000000
a contact +133709 +134139 1 2 1000000000
a contact +133709 +134139 2 1 1000000000
a contact +146946 +147376 1 2 1000000000
a contact +146946 +147376 2 1 1000000000
a contact +164919 +165349 1 2 1000000000
a contact +164919 +165349 2 1 1000000000
a contact +177827 +178257 1 2 1000000000
a contact +177827 +178257 2 1 1000000000
a contact +178293 +178723 1 2 1000000000
a contact +178293 +178723 2 1 1000000000
a contact +178723 +179153 1 2 1000000000
a contact +178723 +179153 2 1 1000000000
a contact +179168 +179598 1 2 1000000000
a contact +179168 +179598 2 1 1000000000
a contact +182148 +182578 1 2 1000000000
a contact +182148 +182578 2 1 1000000000
a contact +182910 +183340 1 2 1000000000
a contact +182910 +183340 2 1 1000000000
a contact +191081 +191511 1 2 1000000000
a contact +191081 +191511 2 1 1000000000
a contact +192063 +192493 1 2 1000000000
a contact +192063 +192493 2 1 1000000000
a contact +202627 +203057 1 2 1000000000
a contact +202627 +203057 2 1 1000000000
a contact +203057 +203487 1 2 1000000000
a contact +203057 +203487 2 1 1000000000
a contact +203827 +204257 1 2 1000000000
a contact +203827 +204257 2 1 1000000000
a contact +205204 +205634 1 2 1000000000
a contact +205204 +205634 2 1 1000000000
a contact +205684 +206114 1 2 1000000000
a contact +205684 +206114 2 1 1000000000
a contact +213300 +213730 1 2 1000000000
a contact +213300 +213730 2 1 1000000000
a contact +213731 +214161 1 2 1000000000
a contact +213731 +214161 2 1 1000000000
a contact +255453 +255883 1 2 1000000000
a contact +255453 +255883 2 1 1000000000
a contact +255905 +256335 1 2 1000000000
a contact +255905 +256335 2 1 1000000000
a contact +258846 +259276 1 2 1000000000
a contact +258846 +259276 2 1 1000000000
a contact +259276 +259706 1 2 1000000000
a contact +259276 +259706 2 1 1000000000
a contact +261534 +261964 1 2 1000000000
a contact +261534 +261964 2 1 1000000000
a contact +266074 +266504 1 2 1000000000
a contact +266074 +266504 2 1 1000000000
a contact +266506 +266936 1 2 1000000000
a contact +266506 +266936 2 1 1000000000
a contact +267758 +268188 1 2 1000000000
a contact +267758 +268188 2 1 1000000000
a contact +302618 +303048 1 2 1000000000
a contact +302618 +303048 2 1 1000000000
a contact +303153 +303583 1 2 1000000000
a contact +303153 +303583 2 1 1000000000
a contact +303583 +304013 1 2 1000000000
a contact +303583 +304013 2 1 1000000000
a contact +304746 +305176 1 2 1000000000
a contact +304746 +305176 2 1 1000000000
a contact +311626 +312056 1 2 1000000000
a contact +311626 +312056 2 1 1000000000
a contact +312172 +312602 1 2 1000000000
a contact +312172 +312602 2 1 1000000000
a contact +319517 +319947 1 2 1000000000
a contact +319517 +319947 2 1 1000000000
a contact +319948 +320378 1 2 1000000000
a contact +319948 +320378 2 1 1000000000
a contact +320421 +320851 1 2 1000000000
a contact +320421 +320851 2 1 1000000000
a contact +320901 +321331 1 2 1000000000
a contact +320901 +321331 2 1 1000000000
a contact +340604 +341034 1 2 1000000000
a contact +340604 +341034 2 1 1000000000
a contact +341254 +341684 1 2 1000000000
a contact +341254 +341684 2 1 1000000000
a contact +348660 +349090 1 2 1000000000
a contact +348660 +349090 2 1 1000000000
a contact +361351 +361781 1 2 1000000000
a contact +361351 +361781 2 1 1000000000
a contact +362783 +363213 1 2 1000000000
a contact +362783 +363213 2 1 1000000000
a contact +365364 +365794 1 2 1000000000
a contact +365364 +365794 2 1 1000000000
a contact +370526 +370956 1 2 1000000000
a contact +370526 +370956 2 1 1000000000
a contact +371529 +371959 1 2 1000000000
a contact +371529 +371959 2 1 1000000000
a contact +371959 +372389 1 2 1000000000
a contact +371959 +372389 2 1 1000000000
a contact +379068 +379498 1 2 1000000000
a contact +379068 +379498 2 1 1000000000
a contact +380727 +381157 1 2 1000000000
a contact +380727 +381157 2 1 1000000000
a contact +390070 +390500 1 2 1000000000
a contact +390070 +390500 2 1 1000000000
a contact +390649 +391079 1 2 1000000000
a contact +390649 +391079 2 1 1000000000
a contact +391507 +391937 1 2 1000000000
a contact +391507 +391937 2 1 1000000000
a contact +398244 +398674 1 2 1000000000
a contact +398244 +398674 2 1 1000000000
a contact +425035 +425465 1 2 1000000000
a contact +425035 +425465 2 1 1000000000
a contact +429440 +429870 1 2 1000000000
a contact +429440 +429870 2 1 1000000000
a contact +430620 +431050 1 2 1000000000
a contact +430620 +431050 2 1 1000000000
a contact +431498 +431928 1 2 1000000000
a contact +431498 +431928 2 1 1000000000
a contact +431929 +432359 1 2 1000000000
a contact +431929 +432359 2 1 1000000000
a contact +443769 +444199 1 2 1000000000
a contact +443769 +444199 2 1 1000000000
a contact +444238 +444668 1 2 1000000000
a contact +444238 +444668 2 1 1000000000
a contact +458150 +458580 1 2 1000000000
a contact +458150 +458580 2 1 1000000000
a contact +459558 +459988 1 2 1000000000
a contact +459558 +459988 2 1 1000000000
a contact +459993 +460423 1 2 1000000000
a contact +459993 +460423 2 1 1000000000
a contact +472255 +472685 1 2 1000000000
a contact +472255 +472685 2 1 1000000000
a contact +472998 +473428 1 2 1000000000
a contact +472998 +473428 2 1 1000000000
a contact +473431 +473861 1 2 1000000000
a contact +473431 +473861 2 1 1000000000
a contact +473916 +474346 1 2 1000000000
a contact +473916 +474346 2 1 1000000000
a contact +474543 +474973 1 2 1000000000
a contact +474543 +474973 2 1 1000000000
a contact +474975 +475405 1 2 1000000000
a contact +474975 +475405 2 1 1000000000
a contact +478156 +478586 1 2 1000000000
a contact +478156 +478586 2 1 1000000000
a contact +479439 +479869 1 2 1000000000
a contact +479439 +479869 2 1 1000000000
a contact +490915 +491345 1 2 1000000000
a contact +490915 +491345 2 1 1000000000
a contact +493755 +494185 1 2 1000000000
a contact +493755 +494185 2 1 1000000000
a contact +505452 +505882 1 2 1000000000
a contact +505452 +505882 2 1 1000000000
a contact +506774 +507204 1 2 1000000000
a contact +506774 +507204 2 1 1000000000
a contact +507675 +508105 1 2 1000000000
a contact +507675 +508105 2 1 1000000000
a contact +513763 +514193 1 2 1000000000
a contact +513763 +514193 2 1 1000000000
a contact +515669 +516099 1 2 1000000000
a contact +515669 +516099 2 1 1000000000
a contact +516389 +516819 1 2 1000000000
a contact +516389 +516819 2 1 1000000000
a contact +516826 +517256 1 2 1000000000
a contact +516826 +517256 2 1 1000000000
a contact +517257 +517687 1 2 1000000000
a contact +517257 +517687 2 1 1000000000
a contact +550917 +551347 1 2 1000000000
a contact +550917 +551347 2 1 1000000000
a contact +551375 +551805 1 2 1000000000
a contact +551375 +551805 2 1 1000000000
a contact +552080 +552510 1 2 1000000000
a contact +552080 +552510 2 1 1000000000
a contact +552512 +552942 1 2 1000000000
a contact +552512 +552942 2 1 1000000000
a contact +552943 +553373 1 2 1000000000
a contact +552943 +553373 2 1 1000000000
a contact +553446 +553876 1 2 1000000000
a contact +553446 +553876 2 1 1000000000
a contact +553897 +554327 1 2 1000000000
a contact +553897 +554327 2 1 1000000000
a contact +554430 +554860 1 2 1000000000
a contact +554430 +554860 2 1 1000000000
a contact +580271 +580701 1 2 1000000000
a contact +580271 +580701 2 1 1000000000
a contact +580720 +581150 1 2 1000000000
a contact +580720 +581150 2 1 1000000000
a contact +596850 +597280 1 2 1000000000
a contact +596850 +597280 2 1 1000000000
a contact +597324 +597754 1 2 1000000000
a contact +597324 +597754 2 1 1000000000
a contact +608254 +608684 1 2 1000000000
a contact +608254 +608684 2 1 1000000000
a contact +608691 +609121 1 2 1000000000
a contact +608691 +609121 2 1 1000000000
a contact +609214 +609644 1 2 1000000000
a contact +609214 +609644 2 1 1000000000
a contact +609722 +610152 1 2 1000000000
a contact +609722 +610152 2 1 1000000000
a contact +616954 +617384 1 2 1000000000
a contact +616954 +617384 2 1 1000000000
a contact +620399 +620829 1 2 1000000000
a contact +620399 +620829 2 1 1000000000
a contact +620833 +621263 1 2 1000000000
a contact +620833 +621263 2 1 1000000000
a contact +621816 +622246 1 2 1000000000
a contact +621816 +622246 2 1 1000000000
a contact +628887 +629317 1 2 1000000000
a contact +628887 +629317 2 1 1000000000
a contact +629321 +629751 1 2 1000000000
a contact +629321 +629751 2 1 1000000000
a contact +630008 +630438 1 2 1000000000
a contact +630008 +630438 2 1 1000000000
a contact +630464 +630894 1 2 1000000000
a contact +630464 +630894 2 1 1000000000
a contact +673878 +674308 1 2 1000000000
a contact +673878 +674308 2 1 1000000000
a contact +677501 +677931 1 2 1000000000
a contact +677501 +677931 2 1 1000000000
a contact +680079 +680509 1 2 1000000000
a contact +680079 +680509 2 1 1000000000
a contact +680509 +680939 1 2 1000000000
a contact +680509 +680939 2 1 1000000000
a contact +680988 +681418 1 2 1000000000
a contact +680988 +681418 2 1 1000000000
a contact +681418 +681848 1 2 1000000000
a contact +681418 +681848 2 1 1000000000
a contact +681913 +682343 1 2 1000000000
a contact +681913 +682343 2 1 1000000000
a contact +682462 +682892 1 2 1000000000
a contact +682462 +682892 2 1 1000000000
a contact +694878 +695308 1 2 1000000000
a contact +694878 +695308 2 1 1000000000
a contact +698269 +698699 1 2 1000000000
a contact +698269 +698699 2 1 1000000000
a contact +701741 +702171 1 2 1000000000
a contact +701741 +702171 2 1 1000000000
a contact +713630 +714060 1 2 1000000000
a contact +713630 +714060 2 1 1000000000
a contact +714068 +714498 1 2 1000000000
a contact +714068 +714498 2 1 1000000000
a contact +714764 +715194 1 2 1000000000
a contact +714764 +715194 2 1 1000000000
a contact +715253 +715683 1 2 1000000000
a contact +715253 +715683 2 1 1000000000
a contact +722219 +722649 1 2 1000000000
a contact +722219 +722649 2 1 1000000000
a contact +727919 +728349 1 2 1000000000
a contact +727919 +728349 2 1 1000000000
a contact +730862 +731292 1 2 1000000000
a contact +730862 +731292 2 1 1000000000
a contact +752784 +753214 1 2 1000000000
a contact +752784 +753214 2 1 1000000000
a contact +754171 +754601 1 2 1000000000
a contact +754171 +754601 2 1 1000000000
a contact +754753 +755183 1 2 1000000000
a contact +754753 +755183 2 1 1000000000
a contact +756059 +756489 1 2 1000000000
a contact +756059 +756489 2 1 1000000000
a contact +756491 +756921 1 2 1000000000
a contact +756491 +756921 2 1 1000000000
a contact +762060 +762490 1 2 1000000000
a contact +762060 +762490 2 1 1000000000
a contact +762574 +763004 1 2 1000000000
a contact +762574 +763004 2 1 1000000000
a contact +772608 +773038 1 2 1000000000
a contact +772608 +773038 2 1 1000000000
a contact +773038 +773468 1 2 1000000000
a contact +773038 +773468 2 1 1000000000
a contact +774147 +774577 1 2 1000000000
a contact +774147 +774577 2 1 1000000000
a contact +779249 +779679 1 2 1000000000
a contact +779249 +779679 2 1 1000000000
a contact +779679 +780109 1 2 1000000000
a contact +779679 +780109 2 1 1000000000
a contact +784034 +784464 1 2 1000000000
a contact +784034 +784464 2 1 1000000000
a contact +784901 +785331 1 2 1000000000
a contact +784901 +785331 2 1 1000000000
a contact +785341 +785771 1 2 1000000000
a contact +785341 +785771 2 1 1000000000
a contact +786362 +786792 1 2 1000000000
a contact +786362 +786792 2 1 1000000000
a contact +798934 +799364 1 2 1000000000
a contact +798934 +799364 2 1 1000000000
a contact +800617 +801047 1 2 1000000000
a contact +800617 +801047 2 1 1000000000
a contact +810857 +811287 1 2 1000000000
a contact +810857 +811287 2 1 1000000000
a contact +859683 +860113 1 2 1000000000
a contact +859683 +860113 2 1 1000000000
a contact +862126 +862556 1 2 1000000000
a contact +862126 +862556 2 1 1000000000
a contact +880743 +881173 1 2 1000000000
a contact +880743 +881173 2 1 1000000000
a contact +881176 +881606 1 2 1000000000
a contact +881176 +881606 2 1 1000000000
a contact +881606 +882036 1 2 1000000000
a contact +881606 +882036 2 1 1000000000
a contact +893257 +893687 1 2 1000000000
a contact +893257 +893687 2 1 1000000000
a contact +893687 +894117 1 2 1000000000
a contact +893687 +894117 2 1 1000000000
a contact +894117 +894547 1 2 1000000000
a contact +894117 +894547 2 1 1000000000
a contact +898146 +898576 1 2 1000000000
a contact +898146 +898576 2 1 1000000000
a contact +945260 +945690 1 2 1000000000
a contact +945260 +945690 2 1 1000000000
a contact +945987 +946417 1 2 1000000000
a contact +945987 +946417 2 1 1000000000
a contact +946424 +946854 1 2 1000000000
a contact +946424 +946854 2 1 1000000000
a contact +951971 +952401 1 2 1000000000
a contact +951971 +952401 2 1 1000000000
a contact +952404 +952834 1 2 1000000000
a contact +952404 +952834 2 1 1000000000
a contact +958996 +959426 1 2 1000000000
a contact +958996 +959426 2 1 1000000000
a contact +959438 +959868 1 2 1000000000
a contact +959438 +959868 2 1 1000000000
a contact +960024 +960454 1 2 1000000000
a contact +960024 +960454 2 1 1000000000
a contact +984468 +984898 1 2 1000000000
a contact +984468 +984898 2 1 1000000000
a contact +996823 +997253 1 2 1000000000
a contact +996823 +997253 2 1 1000000000
a contact +997264 +997694 1 2 1000000000
a contact +997264 +997694 2 1 1000000000
a contact +998310 +998740 1 2 1000000000
a contact +998310 +998740 2 1 1000000000
a contact +998740 +999170 1 2 1000000000
a contact +998740 +999170 2 1 1000000000
a contact +1005354 +1005784 1 2 1000000000
a contact +1005354 +1005784 2 1 1000000000
a contact +1007551 +1007981 1 2 1000000000
a contact +1007551 +1007981 2 1 1000000000
a contact +1007981 +1008411 1 2 1000000000
a contact +1007981 +1008411 2 1 1000000000
a contact +1008886 +1009316 1 2 1000000000
a contact +1008886 +1009316 2 1 1000000000
a contact +1009730 +1010160 1 2 1000000000
a contact +1009730 +1010160 2 1 1000000000
a contact +1010204 +1010634 1 2 1000000000
a contact +1010204 +1010634 2 1 1000000000
a contact +1010635 +1011065 1 2 1000000000
a contact +1010635 +1011065 2 1 1000000000
a contact +1012569 +1012999 1 2 1000000000
a contact +1012569 +1012999 2 1 1000000000
a contact +1015915 +1016345 1 2 1000000000
a contact +1015915 +1016345 2 1 1000000000
a contact +1016345 +1016775 1 2 1000000000
a contact +1016345 +1016775 2 1 1000000000
a contact +1036528 +1036958 1 2 1000000000
a contact +1036528 +1036958 2 1 1000000000
a contact +1043550 +1043980 1 2 1000000000
a contact +1043550 +1043980 2 1 1000000000
a contact +1044109 +1044539 1 2 1000000000
a contact +1044109 +1044539 2 1 1000000000
a contact +1046704 +1047134 1 2 1000000000
a contact +1046704 +1047134 2 1 1000000000
a contact +1047915 +1048345 1 2 1000000000
a contact +1047915 +1048345 2 1 1000000000
a contact +1048348 +1048778 1 2 1000000000
a contact +1048348 +1048778 2 1 1000000000
a contact +1053851 +1054281 1 2 1000000000
a contact +1053851 +1054281 2 1 1000000000
a contact +1066835 +1067265 1 2 1000000000
a contact +1066835 +1067265 2 1 1000000000
a contact +1073070 +1073500 1 2 1000000000
a contact +1073070 +1073500 2 1 1000000000
a contact +1085662 +1086092 1 2 1000000000
a contact +1085662 +1086092 2 1 1000000000
a contact +1087320 +1087750 1 2 1000000000
a contact +1087320 +1087750 2 1 1000000000
a contact +1087884 +1088314 1 2 1000000000
a contact +1087884 +1088314 2 1 1000000000
a contact +1090540 +1090970 1 2 1000000000
a contact +1090540 +1090970 2 1 1000000000
a contact +1100126 +1100556 1 2 1000000000
a contact +1100126 +1100556 2 1 1000000000
a contact +1101558 +1101988 1 2 1000000000
a contact +1101558 +1101988 2 1 1000000000
a contact +1107840 +1108270 1 2 1000000000
a contact +1107840 +1108270 2 1 1000000000
a contact +1108415 +1108845 1 2 1000000000
a contact +1108415 +1108845 2 1 1000000000
a contact +1109123 +1109553 1 2 1000000000
a contact +1109123 +1109553 2 1 1000000000
a contact +1113832 +1114262 1 2 1000000000
a contact +1113832 +1114262 2 1 1000000000
a contact +1115937 +1116367 1 2 1000000000
a contact +1115937 +1116367 2 1 1000000000
a contact +1117897 +1118327 1 2 1000000000
a contact +1117897 +1118327 2 1 1000000000
a contact +1118781 +1119211 1 2 1000000000
a contact +1118781 +1119211 2 1 1000000000
a contact +1119212 +1119642 1 2 1000000000
a contact +1119212 +1119642 2 1 1000000000
a contact +1132290 +1132720 1 2 1000000000
a contact +1132290 +1132720 2 1 1000000000
a contact +1132729 +1133159 1 2 1000000000
a contact +1132729 +1133159 2 1 1000000000
a contact +1147334 +1147764 1 2 1000000000
a contact +1147334 +1147764 2 1 1000000000
a contact +1147764 +1148194 1 2 1000000000
a contact +1147764 +1148194 2 1 1000000000
a contact +1168890 +1169320 1 2 1000000000
a contact +1168890 +1169320 2 1 1000000000
a contact +1183575 +1184005 1 2 1000000000
a contact +1183575 +1184005 2 1 1000000000
a contact +1199139 +1199569 1 2 1000000000
a contact +1199139 +1199569 2 1 1000000000
a contact +1203703 +1204133 1 2 1000000000
a contact +1203703 +1204133 2 1 1000000000
a contact +1209066 +1209496 1 2 1000000000
a contact +1209066 +1209496 2 1 1000000000
a contact +1214791 +1215221 1 2 1000000000
a contact +1214791 +1215221 2 1 1000000000
a contact +1216390 +1216820 1 2 1000000000
a contact +1216390 +1216820 2 1 1000000000
a contact +1217473 +1217903 1 2 1000000000
a contact +1217473 +1217903 2 1 1000000000
a contact +1218253 +1218683 1 2 1000000000
a contact +1218253 +1218683 2 1 1000000000
a contact +1224378 +1224808 1 2 1000000000
a contact +1224378 +1224808 2 1 1000000000
a contact +1227075 +1227505 1 2 1000000000
a contact +1227075 +1227505 2 1 1000000000
a contact +1228364 +1228794 1 2 1000000000
a contact +1228364 +1228794 2 1 1000000000
a contact +1235449 +1235879 1 2 1000000000
a contact +1235449 +1235879 2 1 1000000000
a contact +1262527 +1262957 1 2 1000000000
a contact +1262527 +1262957 2 1 1000000000
a contact +1262957 +1263387 1 2 1000000000
a contact +1262957 +1263387 2 1 1000000000
a contact +1300229 +1300659 1 2 1000000000
a contact +1300229 +1300659 2 1 1000000000
a contact +1314493 +1314923 1 2 1000000000
a contact +1314493 +1314923 2 1 1000000000
a contact +1319058 +1319488 1 2 1000000000
a contact +1319058 +1319488 2 1 1000000000
a contact +1319538 +1319968 1 2 1000000000
a contact +1319538 +1319968 2 1 1000000000
a contact +1320761 +1321191 1 2 1000000000
a contact +1320761 +1321191 2 1 1000000000
a contact +1324112 +1324542 1 2 1000000000
a contact +1324112 +1324542 2 1 1000000000
a contact +1324642 +1325072 1 2 1000000000
a contact +1324642 +1325072 2 1 1000000000
a contact +1325072 +1325502 1 2 1000000000
a contact +1325072 +1325502 2 1 1000000000
a contact +1326141 +1326571 1 2 1000000000
a contact +1326141 +1326571 2 1 1000000000
a contact +1326609 +1327039 1 2 1000000000
a contact +1326609 +1327039 2 1 1000000000
a contact +1327039 +1327469 1 2 1000000000
a contact +1327039 +1327469 2 1 1000000000
a contact +1328415 +1328845 1 2 1000000000
a contact +1328415 +1328845 2 1 1000000000
a contact +1329542 +1329972 1 2 1000000000
a contact +1329542 +1329972 2 1 1000000000
a contact +1330809 +1331239 1 2 1000000000
a contact +1330809 +1331239 2 1 1000000000
a contact +1351643 +1352073 1 2 1000000000
a contact +1351643 +1352073 2 1 1000000000
a contact +1352073 +1352503 1 2 1000000000
a contact +1352073 +1352503 2 1 1000000000
a contact +1353873 +1354303 1 2 1000000000
a contact +1353873 +1354303 2 1 1000000000
a contact +1356474 +1356904 1 2 1000000000
a contact +1356474 +1356904 2 1 1000000000
a contact +1356913 +1357343 1 2 1000000000
a contact +1356913 +1357343 2 1 1000000000
a contact +1357366 +1357796 1 2 1000000000
a contact +1357366 +1357796 2 1 1000000000
a contact +1386503 +1386933 1 2 1000000000
a contact +1386503 +1386933 2 1 1000000000
a contact +1386933 +1387363 1 2 1000000000
a contact +1386933 +1387363 2 1 1000000000
a contact +1388232 +1388662 1 2 1000000000
a contact +1388232 +1388662 2 1 1000000000
a contact +1389543 +1389973 1 2 1000000000
a contact +1389543 +1389973 2 1 1000000000
a contact +1390119 +1390549 1 2 1000000000
a contact +1390119 +1390549 2 1 1000000000
a contact +1390551 +1390981 1 2 1000000000
a contact +1390551 +1390981 2 1 1000000000
a contact +1392706 +1393136 1 2 1000000000
a contact +1392706 +1393136 2 1 1000000000
a contact +1396370 +1396800 1 2 1000000000
a contact +1396370 +1396800 2 1 1000000000
a contact +1396958 +1397388 1 2 1000000000
a contact +1396958 +1397388 2 1 1000000000
a contact +1408739 +1409169 1 2 1000000000
a contact +1408739 +1409169 2 1 1000000000
a contact +1416039 +1416469 1 2 1000000000
a contact +1416039 +1416469 2 1 1000000000
a contact +1423404 +1423834 1 2 1000000000
a contact +1423404 +1423834 2 1 1000000000
a contact +1423838 +1424268 1 2 1000000000
a contact +1423838 +1424268 2 1 1000000000
a contact +1432930 +1433360 1 2 1000000000
a contact +1432930 +1433360 2 1 1000000000
a contact +1434364 +1434794 1 2 1000000000
a contact +1434364 +1434794 2 1 1000000000
a contact +1434899 +1435329 1 2 1000000000
a contact +1434899 +1435329 2 1 1000000000
a contact +1435644 +1436074 1 2 1000000000
a contact +1435644 +1436074 2 1 1000000000
a contact +1468293 +1468723 1 2 1000000000
a contact +1468293 +1468723 2 1 1000000000
a contact +1468723 +1469153 1 2 1000000000
a contact +1468723 +1469153 2 1 1000000000
a contact +1475706 +1476136 1 2 1000000000
a contact +1475706 +1476136 2 1 1000000000
a contact +1482083 +1482513 1 2 1000000000
a contact +1482083 +1482513 2 1 1000000000
a contact +1482526 +1482956 1 2 1000000000
a contact +1482526 +1482956 2 1 1000000000
a contact +1487637 +1488067 1 2 1000000000
a contact +1487637 +1488067 2 1 1000000000
a contact +1488067 +1488497 1 2 1000000000
a contact +1488067 +1488497 2 1 1000000000
a contact +1488546 +1488976 1 2 1000000000
a contact +1488546 +1488976 2 1 1000000000
a contact +1489283 +1489713 1 2 1000000000
a contact +1489283 +1489713 2 1 1000000000
a contact +1489713 +1490143 1 2 1000000000
a contact +1489713 +1490143 2 1 1000000000
a contact +1493626 +1494056 1 2 1000000000
a contact +1493626 +1494056 2 1 1000000000
a contact +1495485 +1495915 1 2 1000000000
a contact +1495485 +1495915 2 1 1000000000
a contact +1500210 +1500640 1 2 1000000000
a contact +1500210 +1500640 2 1 1000000000
a contact +1500643 +1501073 1 2 1000000000
a contact +1500643 +1501073 2 1 1000000000
a contact +1501080 +1501510 1 2 1000000000
a contact +1501080 +1501510 2 1 1000000000
a contact +1501861 +1502291 1 2 1000000000
a contact +1501861 +1502291 2 1 1000000000
a contact +1549734 +1550164 1 2 1000000000
a contact +1549734 +1550164 2 1 1000000000
a contact +1555668 +1556098 1 2 1000000000
a contact +1555668 +1556098 2 1 1000000000
a contact +1556765 +1557195 1 2 1000000000
a contact +1556765 +1557195 2 1 1000000000
a contact +1558374 +1558804 1 2 1000000000
a contact +1558374 +1558804 2 1 1000000000
a contact +1563923 +1564353 1 2 1000000000
a contact +1563923 +1564353 2 1 1000000000
a contact +1564358 +1564788 1 2 1000000000
a contact +1564358 +1564788 2 1 1000000000
a contact +1625680 +1626110 1 2 1000000000
a contact +1625680 +1626110 2 1 1000000000
a contact +1626516 +1626946 1 2 1000000000
a contact +1626516 +1626946 2 1 1000000000
a contact +1628927 +1629357 1 2 1000000000
a contact +1628927 +1629357 2 1 1000000000
a contact +1629507 +1629937 1 2 1000000000
a contact +1629507 +1629937 2 1 1000000000
a contact +1635601 +1636031 1 2 1000000000
a contact +1635601 +1636031 2 1 1000000000
a contact +1636571 +1637001 1 2 1000000000
a contact +1636571 +1637001 2 1 1000000000
a contact +1637106 +1637536 1 2 1000000000
a contact +1637106 +1637536 2 1 1000000000
a contact +1641293 +1641723 1 2 1000000000
a contact +1641293 +1641723 2 1 1000000000
a contact +1642946 +1643376 1 2 1000000000
a contact +1642946 +1643376 2 1 1000000000
